338
230 110 38 15 72 47 166 200 36 34 203 155 192 160 13 66 105 204 106 102 160 215 207 62 52 44 3 12 64 123 48 132 
0.2876647 -0.6489090 0.9953557
73 115 125 101 34 94 57 16 44 236 87 164 221 23 147 242 54 21 253 109 193 144 181 76 198 233 42 128 46 166 7 113 
0.2184646 0.0680496 0.8677975
160 220 123 92 114 201 245 247 244 9 124 32 51 23 164 52 42 58 70 8 99 188 32 63 99 175 48 1 115 144 102 187 
0.0770801 -0.6958100 1.0886980
129 60 61 81 137 237 241 83 254 23 102 24 150 49 4 57 161 50 98 8 49 252 51 50 79 155 80 0 192 64 199 162 
0.0675407 -0.7322616 1.0458486
45 132 140 177 244 63 76 191 82 235 82 92 211 40 218 232 81 206 52 61 189 252 77 6 174 79 245 228 172 248 216 4 
-0.0481256 -0.2556093 0.9743595
208 2 126 120 10 192 25 67 160 23 164 177 17 151 34 27 78 145 205 128 26 15 34 16 211 161 242 25 240 128 166 114 
0.0844402 -0.8635524 1.1159265
93 52 255 117 178 63 55 184 121 238 38 236 223 116 129 51 183 85 108 46 161 240 169 46 238 223 101 52 194 245 67 113 
0.2597738 -0.6992499 1.0819997
170 184 228 25 237 240 184 199 171 95 212 179 168 236 86 175 239 155 251 149 182 111 238 241 31 122 218 235 199 4 255 222 
0.6021982 -0.9958616 1.1676131
65 124 63 63 162 110 63 183 184 206 238 189 253 87 139 57 55 119 104 78 225 213 187 123 229 167 117 0 72 240 135 121 
0.3184506 -1.0433933 1.1563057
48 184 123 122 138 233 81 87 162 29 164 56 51 215 68 48 47 178 68 152 27 107 178 49 91 201 48 120 225 128 230 123 
0.0358244 -1.0178933 1.1754102
215 228 39 136 29 22 174 232 253 2 130 18 204 146 60 229 248 149 123 227 236 135 164 206 177 112 206 94 6 6 177 36 
-0.0810820 -0.3957686 1.0516911
197 80 147 69 98 78 103 48 120 234 98 64 222 119 137 247 182 116 124 106 225 212 177 74 165 186 103 4 72 241 67 49 
-0.0327658 -0.7617964 1.1190704
45 253 121 99 112 207 103 248 113 96 108 64 115 119 4 48 20 88 82 106 65 184 121 61 111 207 33 64 105 147 70 186 
0.5345055 -0.6187854 1.0277406
120 170 24 186 169 169 16 15 135 29 168 57 166 195 98 218 193 179 237 16 30 75 202 17 211 241 17 59 146 72 140 11 
0.3912959 -0.9389144 1.1185251
1 138 18 241 100 140 232 23 237 25 112 80 188 131 176 72 198 35 14 12 18 56 2 193 132 152 122 232 24 128 193 137 
0.4020754 0.1273220 0.8319060
100 224 173 87 141 15 205 156 82 187 134 88 211 105 93 111 1 70 125 126 154 96 219 160 111 219 245 124 206 250 208 32 
0.4798370 -0.8553635 1.0869416
11 128 20 145 127 11 248 43 31 51 18 10 140 138 112 193 163 5 123 61 98 124 81 213 156 18 91 118 20 8 17 9 
0.2626038 -0.3113253 0.9362542
206 186 194 18 235 177 104 222 187 59 112 254 8 195 212 159 47 171 247 156 147 95 142 241 30 82 85 238 239 196 170 181 
0.2339775 -0.7984015 1.0981458
218 180 55 116 217 252 88 23 179 223 164 24 46 191 4 187 133 247 245 0 171 79 178 103 211 251 81 43 194 68 134 127 
0.2138883 -0.7559818 1.0896627
1 213 115 79 81 223 167 253 108 64 108 8 122 84 140 52 156 26 82 106 209 184 49 127 37 188 4 66 81 18 199 189 
0.5770379 -0.6138629 1.0248077
228 175 211 22 240 168 39 171 251 166 40 248 239 226 205 183 151 126 192 34 112 115 172 42 44 150 69 60 194 242 135 165 
0.1874221 -0.6959306 1.0710630
109 37 33 101 13 79 223 168 75 182 169 8 211 45 81 50 153 220 89 111 108 114 249 154 237 217 5 52 66 122 82 130 
0.5175856 -0.7498410 1.0578481
124 111 145 236 239 75 86 184 67 178 152 106 87 125 73 163 91 212 28 99 73 99 234 152 249 193 101 61 54 251 84 35 
0.4686389 -0.7714949 1.0673438
112 72 207 236 78 2 74 104 33 132 226 131 83 171 49 82 120 213 41 226 72 147 149 8 211 233 194 5 37 160 118 2 
0.2704739 -0.9694593 1.1379514
230 101 192 166 208 6 79 188 49 174 139 207 81 99 91 86 93 198 93 238 104 195 217 46 252 174 173 180 47 247 178 82 
0.2568577 -0.8469438 1.0967941
220 36 140 244 141 118 77 111 179 182 135 25 205 103 83 91 225 199 233 174 124 207 251 202 219 195 223 53 162 240 166 90 
0.2426807 -0.8176855 1.1070720
9 153 31 133 86 134 171 113 60 192 66 70 253 151 48 224 118 41 18 233 193 152 53 93 109 34 171 0 28 160 33 168 
0.2969121 -0.7758350 1.0935421
248 190 188 118 233 59 84 254 211 182 164 57 99 241 66 155 137 214 236 34 124 111 202 61 203 211 117 127 242 248 206 3 
0.3577531 -0.7490613 1.0734836
120 13 108 237 149 222 67 63 101 164 238 2 243 51 49 117 88 150 61 184 40 152 113 156 235 235 164 81 178 138 212 42 
0.3165099 -0.9430448 1.1347224
201 247 126 67 226 30 61 93 121 170 237 76 221 218 206 48 54 221 84 162 197 214 185 78 103 217 37 38 75 242 139 151 
0.2833302 -1.0179855 1.1517273
124 161 120 98 141 205 87 197 227 61 173 25 19 221 74 16 152 178 108 80 26 43 234 51 251 205 33 121 243 10 214 98 
0.4074040 -0.8769996 1.1010827
78 255 213 223 235 193 46 184 147 251 48 224 236 247 201 247 39 127 252 210 99 72 203 241 44 18 101 239 178 247 5 37 
0.4372557 -0.8014066 1.0793186
142 63 240 18 232 57 182 222 59 127 61 253 220 220 207 28 151 91 213 83 183 84 174 114 110 87 53 174 206 247 143 213 
0.5858589 -0.4981200 0.9938635
56 201 115 76 89 196 79 228 37 4 236 0 49 151 36 116 72 186 3 200 75 11 48 61 115 172 130 8 115 146 230 186 
0.1075902 -1.0641028 1.1847901
35 230 160 152 93 181 140 71 22 27 196 81 168 154 118 76 201 43 19 157 162 206 82 211 41 30 158 42 146 92 176 174 
-0.0523000 -0.7311887 1.1141549
121 217 123 110 56 205 83 240 225 200 174 12 55 209 0 48 176 176 92 90 73 43 184 60 251 201 33 24 104 130 66 59 
0.0394361 -0.5792001 1.0607837
34 184 50 154 95 213 176 193 159 93 81 51 172 220 102 4 205 59 147 17 22 42 58 245 31 20 154 235 20 14 181 223 
0.0225134 -0.3769465 0.9818500
52 189 121 102 80 79 71 248 113 226 109 8 115 119 136 48 24 216 68 106 105 178 120 63 115 141 33 4 97 163 70 184 
-0.1125619 -0.0334330 0.9046453
188 196 230 231 244 58 238 252 125 162 255 18 91 105 156 117 123 207 127 235 248 246 109 238 254 255 231 132 231 251 240 129 
0.1521699 0.0606874 0.8972928
226 48 150 218 237 253 184 78 191 63 241 58 140 154 116 13 239 63 255 17 55 111 218 242 149 18 219 251 156 13 171 151 
0.0408020 -0.0157990 0.8819990
224 184 119 88 73 201 81 70 171 21 164 24 58 151 68 62 136 176 226 16 2 111 242 81 87 152 16 123 67 128 102 234 
-0.1698315 -0.2887526 0.9905554
45 112 49 71 81 94 99 152 109 232 111 72 218 87 13 180 144 84 64 106 129 176 121 12 39 253 5 4 66 179 66 161 
-0.2667784 0.0999771 0.8816726
140 220 59 90 245 228 239 247 253 15 124 16 60 247 164 117 167 114 22 10 179 172 58 227 111 159 118 8 210 208 229 249 
0.6185994 -0.9353398 1.1100508
93 124 247 117 50 62 115 210 121 234 238 60 223 55 129 56 55 245 108 46 161 241 169 110 222 251 101 0 226 245 3 113 
0.2636136 -0.6992621 1.0738993
98 177 58 242 164 252 216 115 169 89 185 57 190 159 22 51 143 179 213 1 158 107 146 197 155 217 58 203 72 0 143 95 
-0.0098223 -0.6201959 1.0753399
40 184 123 120 75 205 113 87 163 21 228 24 62 151 34 24 170 187 71 24 2 47 50 81 83 137 48 105 112 128 102 235 
-0.1205462 -0.5715507 1.0773981
212 237 86 87 130 170 102 160 120 130 107 0 203 98 9 51 49 245 72 106 112 240 157 110 165 166 71 1 97 115 103 32 
0.3435423 -1.0266597 1.1470915
201 125 183 95 171 78 55 157 58 194 102 152 255 247 137 62 55 119 124 206 225 209 187 106 245 175 117 0 234 246 131 121 
0.3170333 -1.0439059 1.1584798
12 176 185 67 35 104 49 2 40 21 47 56 154 55 12 62 163 21 64 26 17 240 184 68 77 184 64 70 195 67 71 99 
-0.0830619 -0.7827978 1.1309544
234 184 228 153 45 240 184 199 143 95 148 179 168 156 86 175 237 19 251 145 150 111 246 241 31 115 218 251 151 12 255 223 
0.6079902 -0.9802241 1.1152843
70 175 128 23 209 152 46 163 186 179 40 136 235 226 77 191 17 127 224 50 118 80 142 107 45 22 69 45 192 244 15 132 
0.2166985 -0.6978282 1.0248331
220 176 185 225 226 111 117 153 50 247 167 24 223 55 72 123 51 157 109 58 56 86 249 2 221 195 117 116 160 240 135 227 
-0.0486990 -0.5461465 1.0624691
1 89 115 79 83 207 119 244 125 64 100 0 122 87 5 48 58 122 82 106 65 176 56 127 103 158 5 2 89 50 103 186 
0.0703129 -0.5207949 0.9541565
90 188 190 116 233 252 88 95 187 27 172 24 62 189 4 187 133 55 245 0 63 111 146 85 219 219 112 251 194 64 142 187 
0.2060087 -0.7569000 1.1010243
16 170 143 147 16 202 98 194 190 145 226 64 166 130 0 80 232 172 72 208 47 219 192 109 149 166 154 64 128 0 35 138 
0.3851252 -0.9445770 1.1260219
133 229 196 7 212 43 102 172 118 162 75 64 211 97 137 80 113 110 34 110 104 240 77 46 172 134 231 4 176 251 208 128 
0.5519887 -0.8385158 1.0647824
44 36 169 101 13 95 71 40 115 162 167 8 211 61 89 176 153 196 209 106 40 112 217 30 239 223 69 53 66 107 86 162 
0.5202840 -0.7492389 1.0497472
184 80 126 104 72 99 213 72 197 10 245 48 19 159 33 121 104 144 151 170 104 167 32 16 83 169 96 9 115 217 100 162 
0.6229219 -0.8758928 1.0914608
212 180 189 116 136 109 81 191 242 191 166 24 215 245 64 59 129 214 108 16 57 109 251 0 219 195 117 125 224 104 198 98 
0.5570233 -0.8629697 1.0674928
254 239 197 70 209 50 78 168 17 166 139 218 72 103 221 215 89 206 169 238 120 195 201 238 56 62 205 150 167 247 242 36 
0.2537956 -0.8472405 1.1019759
222 223 84 179 162 43 174 188 188 182 130 255 109 99 137 143 55 215 233 231 97 213 31 255 188 195 79 212 45 245 137 16 
0.2532058 -0.8193198 1.1036699
37 93 117 69 52 79 111 184 117 232 254 72 211 117 149 52 88 204 94 106 201 176 121 14 101 254 37 20 74 187 80 32 
0.1765534 -1.0215524 1.2141858
237 99 88 37 52 15 82 184 41 236 124 13 215 9 91 144 152 204 69 110 76 48 193 14 234 221 33 181 72 171 74 67 
0.4241378 -0.7741406 1.0734972
218 160 135 176 137 208 80 199 163 95 160 25 47 135 66 219 161 135 237 133 14 79 162 33 155 225 216 127 162 4 166 74 
0.4003558 -0.7526546 1.0725294
252 186 252 118 137 59 84 190 195 183 164 25 99 249 66 26 137 246 232 2 28 111 219 49 219 195 85 127 226 250 206 10 
0.3576307 -0.7493254 1.0726964
120 156 124 109 60 191 81 51 69 45 191 40 115 49 128 80 217 182 108 40 56 169 97 30 219 255 49 83 242 202 68 43 
0.3192933 -0.9416006 1.1294219
189 140 236 105 180 31 78 186 87 234 254 6 211 104 215 97 89 196 30 60 189 248 125 30 239 207 165 84 184 232 88 84 
0.3283519 -0.7550852 1.0673162
93 186 188 117 170 62 21 159 235 255 182 61 223 59 71 90 167 215 252 16 156 125 249 64 218 251 119 183 203 244 203 91 
0.3260693 -0.7444546 1.0605066
150 214 120 251 182 145 158 173 30 119 27 183 77 108 174 65 183 83 135 119 246 60 13 183 42 199 63 199 125 14 173 87 
0.3042062 -0.7747039 1.0790313
205 109 200 167 248 22 95 188 51 238 182 141 221 103 219 83 87 204 125 254 237 210 237 106 254 255 239 180 174 247 122 89 
0.2677584 -0.7604982 1.0851128
82 66 174 189 58 34 24 47 22 189 151 167 109 46 50 75 246 245 173 165 172 193 15 221 250 103 255 149 165 36 61 91 
0.2659917 -0.8770120 1.1191885
13 245 62 100 225 30 127 254 121 74 238 92 92 251 142 49 151 95 92 234 249 219 185 110 119 255 101 4 74 243 131 147 
0.2838593 -1.0178390 1.1499387
101 164 140 155 205 125 224 174 74 115 41 30 240 120 94 42 201 74 50 29 23 124 223 179 77 30 221 124 217 74 216 142 
0.3047623 -0.9524075 1.1333832
0 34 85 37 2 10 160 0 116 32 99 194 215 0 136 72 58 140 106 137 1 244 69 12 132 162 114 0 109 8 33 128 
0.4199651 -0.9170102 1.1112344
92 49 151 100 138 106 85 149 160 241 170 40 215 119 1 59 32 246 108 120 25 195 179 40 217 162 116 16 162 242 134 114 
0.4163800 -0.8708743 1.0981774
96 160 189 121 217 108 65 27 51 151 44 24 146 55 64 26 129 18 105 24 26 104 243 18 207 223 85 108 192 64 70 122 
0.5358213 -0.8115599 1.0751224
241 167 15 133 156 15 71 127 64 166 138 74 67 96 17 38 57 196 104 46 232 163 125 14 185 142 133 20 97 250 114 172 
0.4757882 -0.8392906 1.0829082
36 235 211 30 218 0 166 236 244 22 224 131 96 234 45 19 121 207 66 195 112 251 206 107 60 38 87 15 241 115 163 140 
0.3611265 -0.8102901 1.0911831
184 184 255 122 170 237 81 87 163 31 165 56 63 215 64 27 43 178 237 16 26 79 186 49 219 193 112 121 240 192 198 99 
0.5896676 -0.5635332 1.0048730
143 191 241 19 242 127 191 184 63 234 29 253 220 124 223 52 151 91 213 119 247 80 125 122 110 94 45 166 206 247 131 245 
0.5859498 -0.4973427 0.9944780
120 113 113 74 17 78 67 184 97 64 164 8 91 87 9 180 24 148 84 104 73 35 121 29 243 248 1 84 99 130 102 50 
-0.0417035 -0.9557920 1.1996429
61 66 97 77 86 26 199 120 117 234 255 238 83 105 157 244 120 204 102 110 201 178 109 12 118 239 161 144 111 187 90 180 
0.2273510 -1.0812173 1.1859946
1 145 17 73 240 151 226 59 95 73 120 68 152 24 172 244 222 26 22 152 151 186 113 95 46 156 34 74 219 130 233 181 
0.1086639 -1.0633205 1.1842089
121 249 123 102 52 205 83 112 101 72 164 12 51 209 0 48 56 176 92 106 201 35 56 29 243 205 32 56 106 139 66 59 
0.0051125 -0.5722881 1.1029177
48 84 123 108 80 207 83 120 116 64 245 8 115 87 0 48 58 184 70 40 105 182 48 31 115 143 32 0 113 128 102 178 
0.0345393 -0.7000597 1.0955054
88 184 187 112 171 232 17 198 163 27 164 56 63 151 64 58 163 179 237 16 26 111 178 48 219 209 112 123 226 64 39 43 
0.5772110 0.0263012 0.8479041
5 113 51 67 117 95 97 121 125 200 107 64 222 85 13 180 180 60 66 40 129 176 57 78 37 156 1 4 74 162 99 161 
-0.1400232 -0.2878194 0.9882849
56 176 121 120 88 237 81 87 163 21 164 24 55 151 64 56 129 186 68 24 27 107 178 17 219 205 48 121 226 128 198 170 
-0.1497368 -0.3489353 1.0053470
254 65 102 228 39 94 92 120 105 166 247 11 75 15 23 255 254 213 253 227 200 247 241 200 147 249 195 151 103 191 126 70 
0.0061035 -0.3915367 1.0088844
29 20 106 201 86 150 235 80 84 192 247 2 81 221 190 96 126 172 23 172 169 176 53 206 87 111 162 132 55 138 112 224 
-0.0102590 -0.3330479 0.9967773
48 253 121 102 80 79 71 248 112 226 109 8 115 87 128 48 24 220 68 106 105 178 120 47 115 141 33 36 97 163 70 184 
-0.0558923 -0.0784799 0.8599384
166 121 246 154 237 237 190 204 159 91 241 27 204 222 127 13 239 219 255 83 54 119 218 242 181 26 94 251 148 95 167 215 
0.0300780 -0.0071546 0.8914756
214 177 58 250 234 228 155 241 171 89 177 57 124 223 110 27 175 19 87 19 150 43 26 245 219 217 58 235 24 3 167 83 
-0.0088705 -0.6196342 1.0742517
173 13 18 123 21 159 99 80 116 34 231 24 211 209 49 52 216 40 66 110 233 180 89 62 231 223 1 16 90 171 88 160 
-0.0137749 -0.5753710 1.0341588
248 176 254 122 171 237 81 91 163 31 165 56 63 215 66 27 47 179 237 16 58 111 186 49 219 209 80 121 242 192 166 99 
0.5878401 -0.5628157 1.0125363
121 205 7 254 29 196 71 245 149 0 232 0 115 243 33 80 72 226 58 206 73 11 90 191 243 238 196 24 58 186 240 40 
0.5614656 -0.5705273 1.0161759
68 169 198 20 211 14 34 235 122 146 96 141 98 226 76 23 49 108 96 36 55 201 158 93 13 6 69 108 232 96 75 150 
0.1861346 -0.6956599 1.0703076
252 190 188 115 169 125 87 159 179 255 175 61 219 55 67 58 133 214 237 18 190 79 251 50 251 223 117 253 226 241 206 115 
0.2413039 -0.7809826 1.0975806
93 112 19 37 18 14 63 208 40 232 98 237 223 7 3 51 54 221 68 102 193 245 157 72 241 193 37 4 104 183 3 241 
0.2437896 -0.7285523 1.0740916
114 33 10 192 77 205 202 64 141 168 169 11 2 216 116 16 232 161 91 66 76 35 18 208 145 156 138 59 81 11 116 134 
0.2700410 -0.3184328 0.9262748
136 206 28 155 62 201 179 190 30 3 68 178 181 117 129 100 7 50 138 89 35 140 99 63 236 199 62 89 180 25 13 41 
0.6077995 -0.8351968 1.0744147
236 96 60 101 13 79 71 8 112 160 167 8 211 17 89 48 152 212 120 106 104 240 249 10 231 217 5 52 66 59 86 34 
0.5131131 -0.7483550 1.0733302
201 176 181 89 168 237 33 143 238 123 128 88 180 176 208 123 65 22 120 25 179 79 251 81 205 26 127 120 152 64 131 56 
0.4727569 -0.7641219 1.0645745
105 97 81 69 101 91 66 40 104 224 99 40 242 17 9 180 144 20 64 106 65 176 241 12 37 184 1 51 74 59 66 170 
0.4271950 -0.9657105 1.1172616
45 103 104 37 116 26 254 48 125 140 126 173 203 8 151 144 50 76 196 110 196 176 69 142 38 253 33 133 103 191 90 197 
0.3974868 -0.9714281 1.1272564
244 247 253 103 250 38 95 184 50 190 251 249 81 103 200 83 117 213 109 242 56 210 235 126 253 166 231 244 160 243 166 99 
0.2535179 -0.9499276 1.1324168
165 156 174 190 236 47 215 246 92 95 189 29 214 40 58 11 201 67 95 39 188 231 88 34 241 31 122 28 216 121 250 210 
0.2607639 -0.8925266 1.1234659
190 156 174 222 159 247 151 248 151 206 221 63 106 253 63 165 221 250 183 163 254 199 58 191 123 119 205 159 183 127 188 247 
0.1763385 -0.9033245 1.1350595
126 33 225 167 173 91 6 136 67 228 139 171 195 112 195 150 18 196 236 115 12 98 237 128 188 212 141 55 166 127 20 70 
0.4319056 -0.7790075 1.0774398
90 238 166 186 137 208 69 199 163 31 136 57 46 134 98 159 193 179 237 145 14 75 170 177 145 240 222 59 130 68 166 110 
0.4000256 -0.7529529 1.0754496
116 97 96 71 77 75 207 200 98 160 165 10 82 89 93 24 56 220 81 234 72 34 217 125 117 8 129 61 113 51 86 162 
0.3882655 -0.7438979 1.0694934
101 161 248 69 252 93 123 144 107 233 190 8 91 189 87 50 189 220 117 220 153 122 253 64 127 157 5 124 195 226 66 240 
0.2748897 -0.9861585 1.1301349
116 212 252 126 140 14 85 184 227 190 165 8 115 113 79 123 201 212 108 106 104 103 251 29 243 251 101 61 115 251 94 34 
0.2637718 -0.9847773 1.1397876
131 141 22 151 149 190 238 183 127 91 78 80 236 114 180 229 161 110 56 12 247 220 57 255 173 254 222 66 138 68 217 44 
0.3105974 -0.7807471 1.0891716
182 79 239 210 205 119 231 235 209 182 165 26 64 109 119 27 105 214 179 250 120 247 126 170 123 11 197 117 167 125 246 226 
0.2986068 -0.7700247 1.0856636
162 46 232 28 108 249 158 75 223 103 241 187 33 236 246 1 73 171 195 133 190 126 110 155 22 22 153 187 85 236 222 214 
0.3143792 -0.8435084 1.1056005
106 46 40 169 60 225 153 15 134 253 156 191 177 140 210 3 207 7 255 181 174 79 231 159 236 1 171 189 21 204 149 83 
0.2664322 -0.8755559 1.1179957
32 2 248 91 52 235 83 16 87 45 119 56 243 17 136 120 90 182 46 88 10 176 97 55 71 143 48 65 240 137 68 35 
0.3125761 -0.9447646 1.1433156
231 174 104 27 124 177 138 169 223 254 149 255 224 204 215 32 205 238 255 149 231 102 239 215 46 29 169 253 93 174 88 212 
0.2727606 -0.9109950 1.1254267
56 156 58 120 85 173 113 71 245 21 100 24 63 147 32 89 161 186 7 24 50 187 16 53 211 221 16 75 250 0 230 170 
0.3538896 -0.9774510 1.1307015
104 128 156 116 8 78 81 59 50 167 166 25 183 55 66 90 129 181 104 0 56 79 211 3 221 167 112 113 224 32 6 42 
0.4718387 -0.8291334 1.0836949
81 28 151 94 35 82 52 96 252 210 98 32 124 246 165 255 162 119 234 128 33 221 54 104 145 50 94 2 136 112 35 63 
0.4809819 -0.8110453 1.0848249
140 220 59 82 245 188 239 247 125 15 126 16 186 247 188 53 181 58 22 10 178 188 48 103 103 255 118 0 194 216 229 233 
0.6214605 -0.9322742 1.1001534
113 32 75 169 72 9 96 83 36 96 242 230 145 131 128 106 104 140 110 140 129 152 197 64 212 161 50 128 105 136 34 168 
0.3731394 -0.6476654 1.0466707
135 253 233 67 242 127 175 188 123 234 93 228 221 126 223 52 55 95 87 127 241 208 125 106 111 31 47 228 238 247 131 245 
0.5854074 -0.4979176 0.9954846
53 1 19 224 149 134 204 97 132 128 195 18 81 90 56 96 248 160 26 177 89 131 16 204 185 136 143 64 189 10 240 130 
0.6054676 -0.6529962 1.0289868
125 81 113 66 17 94 66 57 97 96 173 72 91 87 141 180 24 148 84 106 201 162 121 29 35 216 1 22 107 162 66 48 
-0.0466977 -0.9580159 1.2081397
248 121 121 120 232 205 85 117 121 92 228 56 55 151 64 113 162 184 85 106 123 110 242 61 243 201 100 56 96 144 199 235 
-0.1455151 -0.8825517 1.1787778
5 83 24 69 116 30 230 176 104 232 122 76 210 24 149 181 148 76 22 110 197 176 93 12 38 56 33 4 72 187 75 133 
0.1377693 -0.8581004 1.1273725
208 185 189 112 137 205 81 21 230 85 166 24 182 181 64 51 32 50 104 88 51 105 178 48 235 137 84 90 192 0 199 123 
0.0189084 -0.7324173 1.1052779
5 88 59 75 1 206 115 80 100 192 103 0 30 23 1 48 160 52 80 10 1 188 57 40 81 168 0 2 64 35 103 242 
0.0276961 -0.8137550 1.1280587
184 20 123 108 16 75 67 120 116 0 229 8 83 23 32 48 56 176 70 40 41 183 48 31 241 143 32 0 113 160 102 242 
0.0364551 -0.6991679 1.0932518
159 2 127 229 102 10 235 80 109 168 247 226 95 15 189 99 126 149 31 235 137 179 37 200 214 249 170 132 101 171 97 49 
0.4806409 -0.2218832 0.9260581
91 33 114 101 39 30 120 16 101 96 215 130 155 31 149 112 54 149 221 236 200 176 245 204 211 249 162 129 39 166 118 113 
0.2152049 0.0728393 0.8715547
80 175 126 124 106 224 17 119 177 5 236 185 63 247 34 17 38 179 237 128 42 75 162 103 211 167 112 9 97 192 38 107 
0.4157285 0.1070419 0.8655553
96 48 185 100 64 109 81 90 98 65 108 8 22 151 0 48 128 24 80 8 3 34 176 0 195 137 32 40 192 64 70 114 
0.5638976 -0.1164585 0.9146911
109 112 49 69 97 78 99 24 120 160 103 8 218 23 13 52 144 92 80 106 129 176 249 10 71 188 1 4 66 51 70 160 
0.5424807 -0.0501564 0.8748478
197 48 177 99 129 110 119 24 120 234 35 88 222 55 73 58 145 84 80 58 33 244 249 2 69 220 1 6 192 99 195 50 
-0.1269915 -0.1768675 0.9967004
160 48 115 88 72 205 49 71 235 29 96 24 50 151 68 58 136 185 66 0 3 111 242 81 85 152 16 106 65 0 71 170 
-0.1727686 -0.2887346 0.9937739
9 202 99 95 118 146 235 176 118 192 86 230 121 231 179 228 118 108 55 206 227 152 45 255 102 111 171 128 63 151 121 249 
-0.2241940 -0.1431423 0.9370580
126 36 134 174 9 50 82 72 169 130 233 11 79 234 41 218 249 197 233 163 12 67 154 128 147 247 203 63 162 119 62 6 
-0.0005631 -0.4285108 0.9690880
141 240 17 67 1 78 113 25 120 88 99 80 222 87 8 57 144 25 80 42 33 52 57 85 133 155 64 70 72 2 199 178 
-0.0902691 -0.2991315 0.9904789
184 176 57 120 89 237 81 87 183 21 164 24 55 151 64 56 129 186 65 24 27 107 50 21 219 201 16 120 242 128 198 186 
-0.1690497 -0.3408519 1.0234035
135 47 217 243 238 168 173 151 90 19 88 242 189 171 208 43 39 107 55 159 243 124 206 227 196 153 254 168 188 217 129 169 
0.2313235 -0.3169478 0.9353870
38 48 240 225 117 127 250 200 75 245 181 155 142 29 95 8 191 145 223 179 150 102 89 208 159 220 139 247 151 207 71 215 
0.0026307 -0.3989967 1.0172316
45 93 85 71 81 79 227 48 116 96 107 64 123 81 133 180 24 92 18 106 225 176 121 29 101 222 1 0 107 179 66 176 
-0.0849585 -0.0560124 0.8830265
105 181 177 103 209 111 103 190 123 224 40 72 246 117 8 50 177 86 112 106 97 120 249 47 109 254 69 52 74 114 194 186 
-0.0836802 0.0247281 0.8974777
238 174 245 252 236 133 188 235 159 190 144 19 204 254 125 139 255 235 127 133 242 103 234 243 255 27 223 254 150 252 163 193 
0.1207498 0.0305412 0.8845152
166 253 210 155 237 237 254 204 159 27 249 27 204 254 125 73 255 219 255 211 114 103 218 242 61 18 223 254 148 127 227 215 
0.0609899 -0.0356358 0.8637078
252 188 189 118 185 125 87 159 51 255 167 25 223 191 75 59 133 214 253 18 186 79 251 178 251 223 85 127 194 245 198 115 
0.2471177 -0.7773507 1.0886947
29 112 87 37 2 79 107 80 41 224 38 200 95 87 129 189 54 213 92 238 193 240 181 72 151 200 97 128 107 167 3 113 
0.2396594 -0.7283944 1.0798692
248 184 247 90 235 253 81 203 235 31 165 24 42 215 76 191 43 178 238 24 58 111 186 241 91 219 80 123 227 192 198 99 
0.5876809 -0.5638277 1.0077823
5 253 85 71 240 79 103 188 125 232 126 72 246 115 133 52 150 94 86 106 241 184 121 111 101 158 37 4 74 243 194 185 
0.5538949 -0.6271501 0.9557550
100 52 185 71 137 111 55 140 120 226 104 8 214 117 73 58 145 86 104 42 1 112 251 34 229 158 85 50 192 115 71 42 
0.4674469 -0.9141476 1.1131434
80 185 159 116 182 75 113 174 186 240 170 40 215 181 65 50 163 118 108 16 1 233 179 14 249 231 117 55 224 40 7 59 
0.4767774 -0.8566242 1.0973514
108 100 61 103 45 79 71 40 97 166 167 8 210 49 89 55 152 84 72 106 104 242 249 12 229 219 69 52 66 59 86 34 
0.5164000 -0.7493107 1.0637871
201 184 188 89 232 189 33 159 238 59 134 24 180 177 208 127 1 54 120 24 179 79 251 81 205 59 115 120 136 64 131 40 
0.4696596 -0.7659303 1.0709541
21 103 106 39 116 26 254 96 121 236 123 173 67 72 159 16 190 237 68 103 204 176 13 46 102 109 37 129 101 183 91 197 
0.3997269 -0.9689849 1.1212723
221 130 222 55 131 58 112 56 116 23 103 16 207 99 170 221 51 14 172 12 52 212 47 19 194 239 112 69 162 193 169 68 
0.3902600 -0.9412954 1.1143445
238 239 117 250 236 225 223 252 195 190 61 248 108 111 217 151 79 211 87 251 242 103 106 255 125 94 229 254 247 247 214 97 
0.2587893 -0.8369331 1.1066290
216 185 55 84 203 200 69 181 177 144 162 24 62 151 192 183 0 246 104 90 115 75 178 32 249 168 68 88 34 160 134 40 
0.4117985 -0.8731172 1.1068137
100 40 241 66 82 105 99 216 99 161 40 40 50 245 197 52 17 220 64 88 3 50 168 48 93 156 1 116 227 243 70 168 
0.4070449 -0.8769554 1.1066617
124 121 201 166 155 91 86 152 51 232 134 175 87 62 67 146 26 253 221 115 77 82 221 42 251 197 37 191 45 63 30 83 
0.4299811 -0.7802493 1.0805496
220 56 151 118 41 236 81 240 227 250 160 24 158 247 65 59 161 245 108 2 41 67 154 0 209 242 85 122 106 0 7 51 
0.3983393 -0.7266248 1.0667598
154 102 42 184 138 167 191 99 148 6 207 151 133 205 50 72 252 169 251 167 188 167 6 30 240 37 186 137 21 77 181 210 
0.3174881 -0.9306154 1.1276928
51 182 101 77 61 15 93 127 95 238 254 127 122 125 150 52 253 246 127 173 184 255 117 223 123 30 213 150 103 236 84 127 
0.3326002 -0.8697792 1.1130962
165 239 8 171 180 191 142 223 94 125 25 215 131 8 62 0 221 10 2 127 254 176 93 55 236 13 175 244 220 95 217 212 
0.2791766 -0.9100608 1.1339310
213 221 87 94 167 242 54 239 253 210 239 50 124 242 172 229 51 118 168 34 113 205 62 255 58 42 71 3 30 114 233 47 
0.3116148 -0.7802146 1.0870850
162 60 229 191 220 233 184 67 158 119 208 187 161 236 52 9 201 187 147 129 54 126 94 191 77 2 219 185 213 76 150 218 
0.3137607 -0.8440849 1.1052803
202 175 33 169 173 225 77 63 23 190 152 187 137 167 208 199 77 151 253 149 58 79 235 151 237 80 191 253 54 204 148 104 
0.2688631 -0.8708982 1.1120107
91 132 140 165 13 54 76 39 4 235 142 7 243 42 18 194 217 231 125 173 29 24 209 137 202 239 250 145 40 106 152 26 
0.2783535 -0.8250053 1.1026808
81 85 25 101 48 14 71 48 100 136 107 76 247 115 137 113 20 68 76 106 201 176 17 12 161 168 32 16 104 178 66 41 
0.5306874 -0.7973821 1.0683454
185 252 25 224 48 15 71 184 113 170 100 72 247 19 129 181 22 252 4 106 105 246 88 31 241 201 33 36 106 179 66 57 
0.4753046 -0.8267611 1.0859169
40 152 126 120 229 189 112 119 253 13 100 12 50 153 36 152 200 58 67 8 18 184 18 37 71 223 80 3 219 8 222 186 
0.3618177 -0.9700484 1.1152796
173 108 124 117 100 63 110 48 117 162 102 24 211 19 19 57 26 228 86 110 237 246 113 46 103 203 101 16 106 241 74 176 
0.3267960 -0.9713361 1.1342741
17 45 222 101 178 14 117 115 125 170 251 8 124 123 1 50 163 61 126 40 97 241 145 75 253 174 37 2 105 224 163 11 
0.2825842 -1.0187417 1.1529896
109 177 221 101 236 94 110 185 66 240 45 72 217 115 216 178 17 92 240 122 209 82 251 16 79 207 229 109 138 171 218 160 
0.3099885 -0.9503446 1.1244969
73 175 19 35 241 156 96 103 169 73 104 73 175 138 16 144 128 47 76 5 29 152 0 159 175 253 48 67 66 6 203 77 
0.4347227 -0.8188698 1.0895866
123 61 129 164 159 95 64 7 99 224 136 76 143 60 80 178 193 253 252 177 157 90 245 138 189 245 141 54 172 108 30 94 
0.4413685 -0.8102916 1.0810126
122 123 148 178 169 137 20 71 171 173 168 237 174 186 64 146 134 115 237 81 30 75 194 177 184 212 28 123 200 12 143 31 
0.3671362 -0.8524254 1.0999917
237 118 125 103 242 14 255 253 57 238 127 253 95 79 158 49 191 223 213 239 241 182 109 110 118 201 45 132 111 151 198 241 
0.2864243 -1.0813971 1.1761012
220 160 189 116 168 232 81 31 178 183 167 24 215 247 72 27 3 215 108 16 58 75 171 0 217 227 117 125 224 192 134 99 
0.5501510 -0.8683788 1.0930473
195 63 247 85 240 46 125 246 185 200 122 96 190 191 133 63 167 255 124 128 161 217 161 110 62 62 118 130 194 209 35 153 
0.2665674 -0.6987379 1.0692948
130 150 66 153 151 163 184 7 30 71 82 247 140 14 34 72 119 43 155 149 182 156 5 223 12 6 186 195 188 12 185 223 
0.5151010 -0.6241823 1.0251558
60 83 96 229 119 22 123 112 69 232 127 226 91 15 159 164 126 220 149 238 200 176 37 204 247 253 161 128 103 175 116 241 
0.5298390 -0.6956488 1.0786823
73 21 29 103 164 14 102 57 121 202 107 68 222 51 1 243 148 86 124 106 241 248 249 14 231 251 68 0 72 242 195 49 
-0.0699421 -0.8895487 1.1591593
188 43 121 97 240 203 107 83 50 173 124 184 19 7 193 16 30 186 69 120 58 186 96 30 111 205 37 101 227 128 70 227 
0.1486540 -0.9270659 1.1511607
5 87 24 71 116 30 230 60 104 232 123 68 222 80 157 48 148 108 86 110 197 176 89 108 36 184 36 0 72 179 75 141 
0.1379831 -0.8593531 1.1269454
208 152 158 248 10 236 81 70 162 19 164 17 23 151 96 91 163 147 109 0 58 111 146 17 211 227 114 91 240 0 39 10 
0.1243780 -1.0129189 1.1665045
160 228 44 59 77 73 197 239 86 55 164 24 162 1 90 16 201 138 98 8 106 110 107 23 239 209 149 57 81 24 214 234 
-0.0480565 -0.5680451 1.0691233
68 164 153 225 176 42 97 158 43 179 170 88 151 51 73 90 55 213 109 56 27 80 201 66 205 148 53 116 160 209 7 33 
-0.1093753 -0.5326518 1.1277514
1 181 17 83 117 252 240 55 125 65 107 16 190 18 4 180 160 59 66 8 147 184 49 79 7 254 16 2 72 0 195 174 
-0.2119991 -0.4994931 1.0657368
93 50 144 166 169 60 88 24 235 251 179 92 207 251 73 250 167 197 252 52 141 71 138 192 154 249 115 190 138 119 11 17 
-0.0587448 -0.7152657 1.1129754
57 121 123 107 118 207 99 240 100 72 116 76 115 81 177 48 58 168 22 106 201 178 48 61 119 137 32 0 105 187 66 185 
-0.0410405 -0.5637841 1.1565673
253 205 231 126 185 58 78 252 115 170 251 220 107 104 157 177 61 230 252 238 253 231 237 47 58 239 101 149 239 247 202 20 
0.1250389 -0.7434001 1.0870351
80 143 27 184 154 193 17 135 182 5 200 161 165 135 32 80 199 59 169 144 26 9 2 55 249 229 62 105 144 0 165 10 
0.5439184 -0.2458530 0.9426758
248 176 63 116 136 76 81 112 162 60 164 24 23 183 64 51 129 212 108 0 56 111 178 0 219 235 113 57 224 0 70 35 
0.5171899 0.0749117 0.8515853
177 77 111 190 12 130 79 244 148 66 214 82 115 232 177 97 120 224 63 239 233 135 46 175 240 107 238 16 61 249 112 120 
0.5495879 -0.1729676 0.9074273
13 112 49 69 69 78 103 24 120 232 103 8 214 85 13 52 144 92 64 106 65 240 249 10 103 188 1 4 66 51 71 160 
0.5437752 -0.0566934 0.8680774
197 52 145 71 197 110 103 24 120 234 35 88 214 49 89 59 144 84 112 42 161 244 249 66 5 186 69 4 202 243 67 32 
-0.0914429 -0.2034615 0.9641730
40 17 24 104 65 77 81 80 96 0 44 8 30 19 0 16 128 16 64 8 0 34 48 0 193 137 0 16 82 130 70 163 
-0.0368023 -0.3560430 1.0058593
2 185 16 138 125 149 186 204 143 29 88 11 172 218 110 132 222 59 147 209 70 43 10 245 61 20 14 235 86 15 45 143 
0.0117007 -0.3726188 0.9917223
252 255 191 254 168 201 87 255 179 190 180 56 127 255 73 59 167 243 109 66 122 111 170 63 251 199 117 249 224 241 134 99 
-0.1010471 0.0854374 0.8610026
41 241 85 71 85 30 230 184 113 232 107 68 218 81 140 180 148 76 82 106 225 240 121 12 39 218 1 6 75 179 74 188 
-0.1235204 -0.0220738 0.9139398
39 239 215 86 250 243 174 232 250 178 243 232 97 246 205 191 63 254 230 250 101 243 175 124 62 58 103 175 197 243 235 165 
0.2628250 -0.9490408 1.1203640
41 165 81 69 52 95 102 63 101 224 234 72 243 48 148 180 24 238 94 104 201 184 117 30 39 252 5 16 107 170 82 44 
0.2060256 -1.0054281 1.1589942
227 167 108 0 252 157 224 53 233 188 60 76 34 40 214 151 132 70 70 125 212 122 196 76 62 25 37 248 75 140 218 141 
0.4078466 -0.8754885 1.1037080
40 165 75 51 112 233 112 23 57 73 111 89 186 203 10 144 146 42 198 16 23 184 0 71 206 61 48 65 200 128 202 218 
0.4345794 -0.8166149 1.0875736
199 251 145 129 58 25 154 156 47 125 16 237 172 6 206 148 135 65 108 87 215 72 207 243 172 16 47 254 28 134 131 93 
0.3634349 -0.8079453 1.0896494
125 124 156 181 172 111 69 158 242 250 166 29 215 49 67 91 193 198 108 30 45 103 219 0 205 243 117 61 136 121 90 91 
0.3079831 -0.7575450 1.0827453
252 127 13 167 188 78 79 184 48 238 159 237 211 103 139 83 93 196 77 254 105 199 233 46 249 231 165 180 160 251 22 113 
0.2737673 -0.7689751 1.0882580
149 94 125 75 14 91 167 248 76 242 179 226 211 28 189 109 111 16 106 106 229 165 109 60 32 138 69 22 117 251 85 109 
0.2907996 -0.9047593 1.1109705
226 166 73 211 184 241 76 175 31 187 156 184 161 39 196 239 77 214 255 144 58 77 233 247 191 87 255 255 150 216 156 44 
0.2756219 -0.8733233 1.1017265
8 174 43 185 244 175 181 247 222 79 88 21 166 232 50 1 153 106 3 29 178 252 34 63 237 23 62 224 212 92 213 233 
0.3122231 -0.8465171 1.1055773
46 167 133 179 184 123 78 159 23 187 159 241 195 103 200 207 89 214 239 190 59 64 107 177 174 215 213 247 146 253 156 101 
0.3162655 -0.8130527 1.0960522
228 18 165 166 45 47 73 24 23 229 135 31 215 67 91 76 80 132 109 63 136 80 219 146 213 182 201 84 174 143 84 114 
0.3054262 -0.8174381 1.0543044
92 164 156 176 136 40 80 3 162 63 167 185 143 163 74 91 161 151 237 16 62 77 138 0 219 227 113 125 160 64 143 2 
0.5292777 -0.7911088 1.0791359
152 164 22 120 203 237 112 107 189 31 105 25 46 251 40 145 161 19 226 0 54 235 18 23 211 247 80 75 242 64 167 130 
0.4675124 -0.8261670 1.0841118
200 52 189 117 169 109 21 134 251 251 166 24 190 55 0 59 131 86 124 0 49 108 243 98 203 219 85 18 194 80 199 99 
0.5828886 -0.3908341 0.9751661
27 20 123 229 54 94 121 80 101 104 246 166 27 31 159 113 126 157 151 173 169 180 37 204 214 233 170 132 47 164 97 113 
0.1733929 0.0423709 0.8672729
25 17 106 225 38 94 123 80 109 104 118 166 25 31 147 120 126 149 151 175 141 176 37 204 246 237 162 132 39 151 101 113 
0.0016461 0.0930170 0.9467286
248 166 154 252 10 132 88 119 176 135 164 157 47 167 34 19 175 179 201 128 122 79 146 7 211 199 88 25 96 192 174 26 
0.4234706 0.0899068 0.8507083
50 209 106 168 61 213 217 72 143 76 148 143 46 221 54 64 238 169 255 197 142 35 82 213 211 89 138 251 21 14 124 222 
0.5039527 -0.2372811 0.9223608
219 149 101 222 250 84 125 61 93 89 87 183 121 110 190 117 118 151 191 165 245 13 47 213 119 123 250 198 55 134 165 125 
0.2656459 -0.3460386 0.9417037
23 237 229 71 214 95 239 248 127 242 79 2 89 127 29 37 63 223 115 255 225 208 253 254 127 14 207 4 167 243 247 224 
0.5841458 -0.4964348 0.9955004
161 180 113 81 80 239 99 218 123 225 96 24 18 213 204 52 25 24 82 24 51 250 240 95 45 156 17 100 67 128 70 160 
0.0326912 -1.0210676 1.1797805
124 52 154 190 217 229 86 200 131 142 173 9 102 251 43 26 217 240 237 2 8 99 218 56 211 231 1 59 242 123 110 2 
-0.0532331 -0.4118823 1.0188894
120 172 250 104 210 232 83 87 34 5 236 8 51 183 66 16 59 158 197 152 26 26 224 3 219 237 48 105 225 194 230 106 
-0.1816247 -0.3985108 1.0213550
13 231 96 7 52 31 238 184 108 168 127 68 203 72 158 164 28 76 78 111 196 176 109 12 38 121 37 132 74 191 91 5 
-0.1102507 -0.0308559 0.9029253
64 56 113 127 34 200 19 16 104 12 119 40 246 87 129 48 130 50 68 10 1 168 226 41 197 184 32 2 64 131 71 235 
0.0253827 -0.8114273 1.1273309
88 168 190 98 42 232 17 2 162 31 173 41 63 151 64 26 163 179 237 18 10 47 170 49 211 199 112 121 96 66 38 43 
0.0196211 -0.7317283 1.1000731
180 44 37 97 157 111 195 202 67 240 169 24 210 57 69 56 153 214 200 114 56 98 249 54 219 208 1 127 193 107 86 162 
-0.0518642 -0.5664802 1.0672914
216 8 158 248 10 224 17 71 162 23 164 57 183 151 96 91 163 179 237 0 58 79 130 17 219 227 114 121 176 64 47 11 
0.1372318 -1.0073950 1.1478472
135 253 190 190 175 224 158 236 223 210 93 23 253 248 123 43 211 107 61 247 247 101 158 250 232 95 239 173 188 119 185 151 
0.2524327 -0.8489054 1.1179616
248 254 20 176 41 189 84 230 177 58 160 125 15 27 2 155 135 161 221 6 108 79 2 63 146 211 121 255 42 20 10 27 
0.1405638 -0.9277324 1.1603841
37 103 96 7 116 10 238 184 117 108 123 228 195 104 159 148 26 204 70 111 252 176 77 46 36 60 37 132 101 255 82 196 
0.1332213 -0.8611087 1.1342471
2 127 191 86 240 142 190 246 57 170 123 100 36 190 133 48 167 127 118 67 241 217 137 110 124 62 54 130 72 195 131 185 
0.2625186 -0.6982991 1.0765606
5 103 43 37 116 14 238 40 104 204 123 69 195 72 159 16 188 205 68 111 204 176 13 78 228 188 41 128 69 179 115 193 
0.3973315 -0.9691034 1.1253544
52 172 156 184 219 227 16 203 183 55 160 17 14 179 96 24 193 147 235 144 58 75 10 87 155 215 83 127 144 65 47 130 
0.4636350 -0.8299025 1.0894822
156 44 255 181 151 106 183 239 116 226 66 58 95 120 3 33 51 255 224 179 60 253 13 14 249 199 117 69 229 120 173 74 
0.4739189 -0.8045464 1.0807353
36 11 253 101 164 110 103 23 116 175 190 8 211 57 83 26 25 230 108 8 136 240 225 10 231 191 117 17 192 248 214 107 
0.3252560 -0.9670506 1.1320251
87 163 172 187 138 233 159 169 174 61 157 155 245 238 90 10 51 67 125 223 22 73 239 113 205 7 255 253 148 67 133 98 
0.2844467 -0.9694427 1.1359504
186 0 114 233 103 86 248 80 45 4 246 3 11 15 52 64 110 157 223 161 136 183 97 204 151 249 130 147 103 140 116 195 
0.1441984 0.0908192 0.9150048
194 184 188 152 237 253 184 71 202 95 148 25 172 156 118 11 143 59 251 145 182 111 146 209 15 83 90 251 148 76 143 223 
0.6292402 -0.9240659 0.9326863
112 32 86 141 76 8 232 64 173 32 243 2 140 138 4 90 106 141 110 129 8 187 193 192 148 176 138 16 5 8 99 132 
0.4315370 -0.6151423 1.0205493
25 81 122 225 118 94 123 48 105 108 126 166 29 31 146 240 118 149 149 236 193 176 53 204 215 233 162 128 103 134 101 241 
0.0662477 0.0234330 0.8860660
13 113 49 71 69 94 103 184 105 224 107 72 222 85 13 180 148 92 82 106 193 176 185 108 39 188 1 6 74 59 67 182 
0.5436370 -0.0485559 0.8718158
48 176 219 106 242 233 115 75 35 13 125 40 31 215 200 48 51 155 70 16 27 58 40 83 95 133 48 111 225 194 230 163 
-0.1541387 -0.3513944 1.0068350
33 240 21 65 69 223 224 89 107 112 97 72 186 208 68 188 152 24 82 24 135 242 250 81 15 152 1 38 75 2 67 164 
0.0340732 -1.0214576 1.1777999
211 60 133 176 40 44 9 134 171 82 130 213 191 166 3 123 135 87 125 5 173 77 247 96 129 242 90 26 136 85 35 124 
-0.0898775 -0.2951408 0.9919296
211 94 134 159 139 48 172 206 188 82 194 247 236 230 169 207 39 87 234 135 37 69 135 99 148 34 90 130 136 117 33 29 
-0.1838776 -0.2912428 1.0004075
248 184 255 90 235 249 145 207 235 23 180 56 42 223 204 63 171 179 238 16 26 111 170 113 91 217 85 127 227 80 198 111 
0.5835319 -0.5651932 1.0142699
33 160 236 53 124 15 225 75 126 185 244 8 147 152 86 56 217 140 118 61 142 250 229 16 78 31 113 52 197 168 82 128 
0.5149116 -0.2509419 0.9585867
212 141 143 255 141 110 71 175 244 186 139 16 243 113 17 107 201 230 125 171 56 237 91 46 233 235 247 16 160 121 240 42 
-0.1706149 0.1161114 0.8975710
109 61 211 71 241 94 102 184 123 234 107 76 86 112 141 180 51 124 116 122 241 246 249 46 47 190 37 70 234 99 75 167 
-0.0794978 0.0167921 0.8955047
164 68 236 133 12 67 239 184 86 246 151 135 83 97 219 67 89 196 107 254 104 228 111 10 108 11 229 20 101 187 84 112 
-0.2089170 -0.0659377 0.9337365
2 160 54 152 77 209 176 73 143 21 128 9 172 222 102 206 200 57 235 17 6 43 210 209 149 16 26 123 16 12 39 198 
0.4027573 0.0367079 0.8117821
107 184 112 240 233 212 153 87 137 95 180 61 172 159 246 190 135 51 213 21 151 43 178 193 219 89 26 251 214 132 7 127 
0.2210998 0.0655014 0.8645135
124 177 243 106 187 249 87 216 35 5 173 40 79 247 76 180 50 210 236 90 27 35 170 177 251 221 5 127 227 243 198 39 
0.0178057 -0.6179500 1.0686395
205 173 21 115 232 45 103 185 170 184 39 88 159 115 192 187 135 18 108 26 51 88 235 53 237 217 101 100 202 193 131 161 
-0.0449631 -0.5472271 1.0567281
24 157 123 116 51 220 112 99 237 200 110 8 62 158 36 176 162 51 196 0 69 185 48 79 115 253 0 3 65 0 79 171 
-0.1406784 -0.6051474 1.0828434
66 180 165 83 233 105 173 141 59 127 185 185 204 46 76 159 151 19 253 177 51 72 235 211 13 18 93 254 199 70 135 125 
-0.0207410 -0.9474657 1.1684060
229 100 156 103 133 15 103 185 120 162 39 28 210 113 25 51 144 68 104 110 248 244 217 42 239 251 69 20 64 251 202 0 
-0.0716578 -0.8877566 1.1567037
88 156 57 122 139 225 23 238 54 7 237 40 125 247 0 48 183 251 228 130 26 47 170 119 251 199 23 123 241 67 167 99 
-0.0772791 -0.9946452 1.2022315
216 60 159 246 66 236 121 210 177 158 238 25 127 247 1 89 39 247 109 130 40 215 154 106 215 227 113 1 224 241 7 123 
-0.1242018 -0.8750741 1.1599779
99 192 233 206 78 16 188 188 9 66 88 199 121 46 190 112 118 155 51 133 195 18 231 233 54 46 250 138 61 214 241 253 
0.2831887 -0.3186298 0.9004439
33 255 67 76 112 128 111 247 97 72 120 228 49 193 180 52 120 170 6 204 195 186 36 127 54 44 164 200 127 146 242 185 
0.2346546 -0.7273957 1.0859243
16 21 127 237 20 102 107 114 117 5 250 3 83 63 48 80 122 134 29 168 184 187 17 142 241 239 162 196 165 232 116 98 
0.0797512 -0.6443412 1.0703880
41 36 81 101 52 191 98 51 117 233 122 88 243 48 20 180 24 172 86 40 185 184 85 15 135 255 33 64 74 138 74 164 
0.2077577 -1.0034970 1.1567982
194 171 150 184 171 168 52 135 174 27 138 245 172 162 64 219 167 51 233 144 50 73 131 113 152 178 94 123 152 64 169 27 
0.1346782 -1.0075865 1.1535846
206 239 255 126 187 249 190 236 190 155 57 240 233 238 237 243 183 123 238 242 247 77 142 255 47 223 127 237 208 243 143 133 
0.2587784 -0.8615165 1.1140454
198 52 191 27 202 108 181 143 190 23 78 16 156 182 73 107 39 95 234 17 48 77 187 98 101 38 94 42 144 81 133 113 
0.1496611 -0.9201536 1.1452932
190 237 65 7 159 123 199 236 21 230 235 143 67 108 31 144 121 206 194 231 109 178 125 63 58 102 133 53 111 255 254 212 
0.1363362 -0.8647373 1.1302423
88 56 151 84 43 216 80 66 235 16 164 40 46 147 69 191 163 181 236 0 11 107 178 193 147 240 81 59 194 0 10 47 
0.3976450 -0.7268384 1.0659858
196 182 157 183 172 47 134 154 90 179 163 220 215 97 73 11 151 85 108 51 185 100 219 50 204 130 125 116 236 249 1 16 
0.2593881 -0.7770120 1.1630269
5 173 27 87 242 140 175 242 188 136 122 64 116 242 5 48 183 123 83 206 240 144 136 111 60 46 47 128 65 115 35 161 
0.2696199 -0.6981199 1.0637072
108 115 33 71 96 30 111 24 97 108 231 204 211 7 157 180 28 220 68 238 201 178 249 12 39 248 33 4 67 179 70 241 
0.4178280 -0.9681373 1.1309323
143 244 253 119 160 126 255 188 61 254 255 244 221 127 159 189 183 87 255 47 241 212 249 238 238 255 127 134 206 247 143 241 
0.2873981 -1.0790735 1.1717169
88 169 156 178 137 236 16 135 171 181 170 25 174 247 66 218 129 247 237 16 30 75 218 33 219 247 93 123 128 68 143 26 
0.5564563 -0.8598472 1.0644279
189 229 65 101 147 11 71 253 84 226 234 206 115 97 153 177 89 206 4 110 233 178 77 62 248 206 165 20 107 254 210 32 
0.5387297 -0.8116124 1.0638117
100 164 57 107 152 110 83 9 114 113 233 24 215 55 72 120 81 157 72 50 27 18 249 22 205 181 3 124 192 195 134 34 
0.4706393 -0.8617556 1.0984943
35 166 232 1 116 187 72 3 123 101 255 137 3 8 150 20 155 142 68 28 158 184 229 79 46 28 0 81 197 206 94 68 
0.4079889 -0.8746637 1.1048729
155 63 234 244 198 2 239 115 212 194 223 230 57 235 243 34 126 238 23 175 201 251 164 202 122 201 239 168 47 232 112 249 
0.2516566 -0.3487327 0.9335026
91 83 121 228 38 22 95 48 105 72 62 231 31 31 150 116 182 149 149 239 205 160 37 204 226 249 162 130 111 182 69 119 
0.5225973 -0.3398524 0.9517742
158 55 245 65 178 123 52 217 121 175 119 240 79 46 140 189 55 221 196 48 180 244 45 206 62 210 101 199 231 244 143 133 
-0.0866085 -0.2075937 0.9623431
238 112 125 10 107 217 90 216 139 244 181 173 206 221 79 150 158 241 255 119 199 103 254 209 211 24 9 255 86 167 15 117 
-0.2068124 -0.2158504 0.9601966
217 125 23 84 17 222 116 118 249 224 110 8 62 179 1 181 162 119 200 72 97 185 176 110 179 250 20 2 74 112 67 62 
0.5288557 -0.7454464 1.0472540
237 125 53 85 133 223 102 178 251 234 38 76 158 56 21 183 128 100 104 74 229 248 241 188 167 218 69 50 74 125 75 6 
0.5170845 -0.7487106 1.0642519
139 190 225 211 231 248 169 151 59 127 20 246 172 46 214 174 39 27 151 157 151 92 231 243 14 94 158 226 143 196 131 253 
0.4935121 -0.6232126 1.0438718
107 184 112 240 101 220 216 18 137 93 52 189 45 31 214 190 135 177 149 149 134 47 50 193 91 89 58 251 199 132 79 127 
0.0752046 0.3031077 1.0514133
69 162 173 3 156 11 233 9 70 181 135 29 211 97 222 74 81 6 105 61 146 240 237 0 76 28 133 84 128 170 212 96 
-0.0417841 -0.7299045 1.0948600
173 170 156 241 205 173 225 215 222 189 36 24 134 129 80 41 137 42 98 28 146 124 250 176 207 217 85 118 192 8 211 170 
0.5704973 -0.5785598 0.9869136
242 32 82 161 108 168 232 68 109 17 243 18 141 10 84 90 234 129 95 209 0 55 193 192 150 152 146 80 69 9 227 131 
0.4478493 -0.6191372 0.9988131
93 60 211 71 242 90 118 112 121 226 123 96 95 243 133 180 50 252 100 122 97 241 185 110 63 174 37 6 235 163 67 161 
-0.0480472 -0.0112522 0.8676009
40 34 184 37 117 27 225 75 126 173 118 10 143 9 82 136 200 12 102 25 2 252 225 156 76 223 48 101 194 12 95 194 
0.5233882 -0.2639453 0.9380223
3 162 121 233 108 169 248 87 143 89 184 254 189 15 212 0 238 131 95 157 131 42 70 209 214 221 186 248 28 136 81 153 
0.4817565 -0.1987672 0.9109948
62 197 116 169 29 95 218 232 15 36 184 11 78 94 14 132 251 145 223 241 78 35 89 223 187 220 135 119 119 14 92 70 
0.0086285 -0.3763005 0.9920957
208 54 94 250 42 32 25 83 176 31 181 189 23 39 10 27 39 21 109 4 40 79 130 0 209 163 112 137 160 192 167 27 
0.0235313 -0.8087122 1.1236843
212 205 157 255 173 108 71 190 246 155 131 80 247 115 9 123 193 230 108 74 121 229 219 34 233 247 247 16 128 123 212 42 
-0.1848091 0.1287218 0.9078061
197 240 157 115 136 173 69 157 251 59 35 88 214 115 72 59 149 94 104 10 99 196 251 49 195 218 85 116 64 208 195 33 
-0.0949444 -0.5373192 1.1069615
171 162 230 26 75 177 184 71 219 23 181 191 40 136 118 157 171 171 194 149 182 111 134 211 30 83 88 251 215 68 171 206 
0.2375025 -0.7272743 1.0800710
210 32 166 178 13 244 88 7 175 23 130 25 174 186 94 219 225 163 249 145 46 79 146 227 147 114 218 59 130 68 189 14 
0.0758758 -0.6925439 1.0946306
105 40 152 53 48 254 88 51 59 233 190 93 191 51 66 16 128 167 124 12 29 216 193 14 206 253 48 145 72 128 74 75 
0.2548067 -0.9796855 1.1442670
75 185 246 87 242 218 63 253 191 235 127 160 253 247 142 118 55 127 255 10 147 217 175 253 254 254 63 130 142 182 131 255 
0.2410391 -0.8184879 1.1009808
112 56 158 112 11 217 16 66 235 184 180 40 47 146 69 187 162 177 236 0 15 111 178 1 147 217 112 59 64 0 79 15 
0.3977357 -0.7271442 1.0660322
252 253 189 118 153 101 86 172 211 250 169 25 242 119 75 123 217 214 232 114 111 103 251 59 251 219 69 63 208 123 198 82 
0.2868347 -0.7747867 1.0880817
1 165 81 93 112 128 169 231 62 1 232 64 244 98 140 16 91 43 98 141 2 154 195 95 44 46 42 8 68 0 35 168 
0.2643198 -0.6966988 1.0706987
90 169 144 182 137 252 16 135 171 177 139 9 174 247 66 218 129 247 237 17 30 75 218 33 155 245 29 123 130 70 143 10 
0.5539858 -0.8608564 1.0701755
77 171 143 30 218 210 33 184 246 221 70 164 245 231 235 250 21 110 232 220 147 201 175 53 76 35 117 205 130 162 47 249 
0.5324891 -0.7942617 1.0703694
149 79 6 63 170 130 46 191 180 130 74 196 245 226 169 211 114 110 120 238 97 196 71 47 164 162 239 128 56 240 41 9 
0.4624836 -0.8296804 1.0898020
55 104 99 83 203 189 226 192 47 63 241 94 10 204 93 156 233 137 70 86 15 182 250 241 23 92 16 250 227 31 210 245 
0.4329560 -0.8146913 1.0869229
220 237 140 247 143 173 86 174 62 183 11 19 246 250 73 75 179 111 109 70 126 220 219 63 233 175 255 49 160 123 217 10 
0.2687169 -0.8724360 1.1174201
110 126 158 151 169 189 20 134 222 179 170 13 228 250 79 219 197 119 234 147 44 193 91 168 14 151 221 19 136 121 8 14 
0.2972888 -0.8173770 1.0992531
58 0 98 233 119 94 248 82 45 76 246 3 15 31 52 208 238 149 159 161 136 183 81 192 151 249 138 195 103 140 124 195 
0.2306391 -0.0285589 0.8138922
248 9 174 252 141 102 85 47 214 159 134 16 227 249 33 107 201 246 125 1 40 99 211 162 211 243 214 27 128 120 244 42 
0.5484539 -0.1721838 0.9040849
228 104 85 75 8 71 67 152 242 48 161 8 211 215 201 59 88 208 108 250 11 102 234 49 197 216 97 124 80 163 70 32 
0.4331517 0.0725335 0.8337874
79 155 99 200 231 150 191 242 31 72 94 231 24 190 182 96 126 191 183 199 209 26 52 247 55 125 170 204 23 167 241 245 
0.2693731 -0.3435057 0.9361024
184 0 123 104 0 110 73 81 33 4 229 8 19 7 1 16 124 156 21 172 8 150 48 12 211 233 160 4 97 128 102 114 
0.0340283 -0.5777569 1.0603193
76 181 83 71 243 75 54 233 123 160 107 40 94 247 136 180 51 94 228 34 81 177 169 78 63 246 37 103 194 115 135 163 
0.4734199 -0.9074860 1.0897992
199 254 140 146 42 148 24 156 190 91 146 245 244 214 202 251 167 85 253 215 167 69 155 99 156 115 126 250 8 21 43 125 
0.0150440 -0.7315651 1.0989804
161 127 99 69 116 159 238 52 108 232 122 236 243 12 149 180 30 108 86 111 225 184 101 44 36 24 37 128 76 187 82 189 
0.1329592 -0.6978488 0.9773836
169 168 190 241 205 173 241 199 222 189 36 24 166 201 112 9 137 42 106 28 18 124 250 176 207 217 85 122 208 8 211 170 
0.5711109 -0.5634106 1.0071974
58 16 114 233 39 92 250 64 45 12 247 35 15 30 54 196 238 153 159 227 204 179 81 192 151 249 138 131 103 142 125 199 
0.0569011 0.0438142 0.9073024
67 2 217 251 108 136 233 87 173 89 118 246 189 139 208 122 110 35 127 157 147 28 230 224 212 185 250 200 140 136 161 185 
0.4725352 -0.1983597 0.9661159
39 251 227 73 245 157 238 221 107 73 124 108 26 236 220 180 188 74 22 93 215 186 238 243 46 28 37 238 207 158 218 181 
0.0095085 -0.6167018 1.0772725
27 155 107 236 246 146 251 247 189 77 94 230 25 174 182 100 126 191 23 205 149 155 36 255 114 109 170 192 55 132 179 245 
0.2592393 -0.3434822 0.9391032
109 185 188 81 237 253 253 183 235 249 188 72 154 248 86 58 141 118 126 24 215 107 250 240 111 219 87 126 202 248 203 167 
0.2434816 -0.7766616 1.0920455
194 168 182 184 13 248 16 7 171 23 128 25 174 186 78 91 193 147 233 145 62 79 210 227 147 114 218 123 130 68 191 14 
0.0802647 -0.6922936 1.0912048
84 238 190 190 184 139 190 232 190 186 209 105 255 234 123 75 183 127 255 227 102 99 138 125 250 247 111 237 148 115 47 131 
0.2646393 -0.8574461 1.1061695
79 187 247 71 122 155 186 248 239 228 119 236 253 255 220 246 54 253 255 198 193 249 175 237 30 127 103 130 79 166 7 125 
0.2375217 -0.8214926 1.1075836
79 255 115 86 168 153 158 244 171 202 188 237 236 252 239 164 151 115 255 103 197 1 170 251 42 92 45 186 78 247 139 93 
0.0994464 -1.0696590 1.1888403
84 152 191 184 168 228 80 191 174 91 130 81 223 247 72 91 165 23 125 16 26 77 155 113 217 243 122 94 136 64 163 19 
0.3219600 -0.7646363 1.0825307
124 185 152 178 153 220 82 207 163 21 168 9 47 211 74 210 129 223 237 80 30 75 218 49 251 245 13 123 168 6 142 18 
0.5509654 -0.8638843 1.0830610
221 93 87 69 130 6 78 176 113 226 194 68 83 35 145 255 84 244 124 234 233 212 245 46 177 234 229 20 174 241 112 56 
0.4650828 -0.8285482 1.0860293
37 9 107 71 32 46 107 16 45 128 239 68 243 101 21 52 28 244 125 110 136 176 121 42 197 188 1 0 200 227 66 48 
0.4235878 -0.7748687 1.0773368
19 129 78 159 28 131 232 105 212 144 195 194 113 232 56 64 120 162 42 137 137 249 31 93 28 34 203 64 125 170 40 12 
0.3093554 -0.8494071 1.1066947
93 125 83 68 114 218 38 112 244 160 123 96 89 242 133 180 54 252 70 234 161 177 44 110 54 174 37 4 107 243 99 165 
-0.0901402 0.0251953 0.9008505
228 40 23 114 41 239 67 72 242 186 161 8 82 215 97 59 136 116 104 122 41 101 250 48 209 216 65 60 80 163 70 32 
0.4217493 0.1032431 0.8581862
