266
129 60 61 81 137 237 241 83 254 23 102 24 150 49 4 57 161 50 98 8 49 252 51 50 79 155 80 0 192 64 199 162 
0.2524964 -0.0926282 0.9337533
45 132 140 177 244 63 76 191 82 235 82 92 211 40 218 232 81 206 52 61 189 252 77 6 174 79 245 228 172 248 216 4 
-0.1959079 -0.0319776 0.9066596
91 50 126 96 41 92 88 17 169 93 182 253 31 157 214 63 134 21 253 21 141 71 162 192 211 249 112 187 78 132 78 119 
0.6617351 0.0958458 0.8426707
121 49 234 102 225 88 82 60 113 232 108 236 123 246 206 182 54 222 244 104 141 82 228 106 254 253 37 171 235 198 78 223 
0.6361546 0.0342067 0.8678066
48 184 123 122 138 233 81 87 162 29 164 56 51 215 68 48 47 178 68 152 27 107 178 49 91 201 48 120 225 128 230 123 
0.5296776 -0.1553556 0.9635033
129 249 59 107 116 143 226 244 124 200 122 76 191 216 144 48 148 104 86 126 195 184 24 63 239 253 37 64 72 130 67 153 
0.5458651 -0.2116244 0.9749709
215 228 39 136 29 22 174 232 253 2 130 18 204 146 60 229 248 149 123 227 236 135 164 206 177 112 206 94 6 6 177 36 
-0.0597651 -0.0698967 0.9289007
222 42 74 180 19 146 56 96 177 132 247 167 79 239 35 145 182 181 205 162 44 151 0 206 210 227 43 131 39 166 47 131 
0.1501672 -0.2198913 0.9964653
41 90 69 23 112 155 234 16 117 105 114 252 227 32 148 180 31 140 230 60 173 180 101 31 36 62 48 192 239 132 82 189 
0.0695747 -0.2510560 1.0019950
144 52 125 84 11 107 17 106 121 162 164 56 58 23 4 61 10 178 64 8 33 103 113 78 81 138 80 18 99 64 71 179 
0.4749982 -0.1075673 0.9341397
112 108 123 126 74 200 23 118 161 4 236 40 55 151 3 16 160 243 193 64 74 106 162 45 115 161 20 9 112 16 38 106 
0.2916381 -0.1937410 0.9819859
45 253 121 99 112 207 103 248 113 96 108 64 115 119 4 48 20 88 82 106 65 184 121 61 111 207 33 64 105 147 70 186 
0.2424128 0.3478383 0.7430095
120 170 24 186 169 169 16 15 135 29 168 57 166 195 98 218 193 179 237 16 30 75 202 17 211 241 17 59 146 72 140 11 
0.5274910 0.1512944 0.8259245
5 98 98 83 100 188 232 18 125 9 115 68 130 136 223 124 180 12 6 29 134 176 132 64 6 60 50 192 204 205 123 133 
0.0200542 -0.1149288 0.9521337
137 213 127 101 52 78 111 185 124 202 126 76 243 119 152 49 22 84 86 106 225 176 121 15 229 251 37 132 74 250 195 185 
0.3841900 -0.1975310 0.9765729
11 128 20 145 127 11 248 43 31 51 18 10 140 138 112 193 163 5 123 61 98 124 81 213 156 18 91 118 20 8 17 9 
-0.0997199 0.1878917 0.7881916
109 37 33 101 13 79 223 168 75 182 169 8 211 45 81 50 153 220 89 111 108 114 249 154 237 217 5 52 66 122 82 130 
0.3662819 0.3013988 0.7560160
112 72 207 236 78 2 74 104 33 132 226 131 83 171 49 82 120 213 41 226 72 147 149 8 211 233 194 5 37 160 118 2 
0.5297533 0.0448780 0.8710966
37 85 125 71 52 79 79 184 117 232 254 72 211 117 157 52 88 196 86 106 233 176 121 46 103 190 37 20 67 187 82 113 
0.5514582 -0.0130517 0.8983471
230 101 192 166 208 6 79 188 49 174 139 207 81 99 91 86 93 198 93 238 104 195 217 46 252 174 173 180 47 247 178 82 
0.4068484 0.0576644 0.8665087
220 36 140 244 141 118 77 111 179 182 135 25 205 103 83 91 225 199 233 174 124 207 251 202 219 195 223 53 162 240 166 90 
0.3751095 0.0626754 0.8660729
214 2 142 157 204 34 172 75 22 151 210 215 64 234 112 74 121 236 43 149 28 255 199 194 24 34 223 73 149 104 248 128 
0.3527488 0.1268262 0.8359389
120 13 108 237 149 222 67 63 101 164 238 2 243 51 49 117 88 150 61 184 40 152 113 156 235 235 164 81 178 138 212 42 
0.5121319 0.0928225 0.8484265
165 205 129 222 237 245 199 255 83 202 88 88 240 241 249 172 217 106 50 74 251 118 234 187 45 30 133 56 210 122 210 172 
0.5203235 0.0785069 0.8553974
39 102 98 8 116 179 234 91 87 73 252 239 1 232 183 164 124 168 22 189 140 178 68 222 54 60 161 169 223 222 122 133 
0.4153334 0.1138310 0.8428177
171 159 228 157 213 23 200 123 83 235 80 247 104 40 182 133 93 76 150 173 189 254 85 223 14 94 223 198 95 172 120 213 
0.4333376 0.0671973 0.8635818
76 180 189 120 137 108 121 155 179 31 44 24 147 103 73 26 21 146 105 56 58 96 178 19 207 255 85 108 194 224 6 114 
0.4288473 0.3051968 0.7519010
244 28 156 245 140 70 84 191 192 186 166 25 115 115 65 91 193 246 108 34 108 79 219 10 251 235 117 23 40 120 248 10 
0.4333799 0.2453426 0.7783125
132 239 114 91 194 41 166 230 124 6 234 242 99 104 141 18 123 219 66 226 242 178 141 99 60 46 6 2 229 243 227 132 
0.3912307 0.1599762 0.8143634
162 188 54 144 95 213 152 103 139 255 156 59 44 254 102 135 141 51 147 129 54 79 178 241 59 81 159 251 146 12 173 223 
0.2676061 0.3324698 0.7422149
120 185 59 104 88 205 83 248 233 92 172 8 55 151 64 112 160 144 85 72 11 43 186 53 251 217 32 120 104 3 70 242 
0.3597593 -0.2411636 0.9995653
35 230 160 152 93 181 140 71 22 27 196 81 168 154 118 76 201 43 19 157 162 206 82 211 41 30 158 42 146 92 176 174 
0.2382968 -0.1482651 0.9663786
121 85 111 69 54 6 111 48 97 196 222 130 83 61 151 112 54 196 61 238 233 144 53 14 115 175 165 132 103 178 112 112 
0.1805463 -0.1901331 0.9767498
121 217 123 110 56 205 83 240 225 200 174 12 55 209 0 48 176 176 92 90 73 43 184 60 251 201 33 24 104 130 66 59 
0.1130299 -0.0397214 0.9164864
5 16 51 72 3 78 115 88 108 72 103 0 94 151 36 52 180 24 80 42 129 177 57 72 65 168 0 6 64 35 103 243 
0.3303492 -0.1061278 0.9413162
197 48 189 65 1 110 113 24 104 10 101 24 222 23 9 62 132 20 96 42 145 52 177 66 69 184 64 6 192 97 71 35 
-0.2526661 -0.0522561 0.9203811
240 173 125 116 170 72 85 119 240 190 164 56 23 55 64 51 35 150 108 8 120 111 162 5 219 235 117 121 96 128 198 107 
-0.0874194 -0.1729596 0.9742895
34 184 50 154 95 213 176 193 159 93 81 51 172 220 102 4 205 59 147 17 22 42 58 245 31 20 154 235 20 14 181 223 
-0.0846838 -0.0182171 0.8961477
248 165 255 116 170 104 81 123 176 183 164 56 23 183 64 27 35 214 237 8 56 79 162 5 219 227 116 121 96 128 134 107 
-0.0876988 -0.1729305 0.9720137
224 184 119 88 73 201 81 70 171 21 164 24 58 151 68 62 136 176 226 16 2 111 242 81 87 152 16 123 67 128 102 234 
-0.1887926 -0.1350302 0.9560062
44 113 113 69 112 79 103 184 101 232 110 8 211 21 133 52 24 220 68 106 73 178 121 12 103 156 37 4 67 179 70 161 
0.1036129 -0.1860393 0.9844986
171 114 228 17 82 159 168 17 127 97 118 212 233 72 158 252 62 44 226 157 167 244 85 95 6 62 16 192 239 132 90 148 
0.0689658 -0.2515262 1.0038911
212 237 86 87 130 170 102 160 120 130 107 0 203 98 9 51 49 245 72 106 112 240 157 110 165 166 71 1 97 115 103 32 
0.6005579 0.0924574 0.8431026
201 125 183 95 171 78 55 157 58 194 102 152 255 247 137 62 55 119 124 206 225 209 187 106 245 175 117 0 234 246 131 121 
0.6109049 0.0680090 0.8543893
12 176 185 67 35 104 49 2 40 21 47 56 154 55 12 62 163 21 64 26 17 240 184 68 77 184 64 70 195 67 71 99 
0.2816274 -0.1844863 0.9811479
122 201 16 224 63 201 80 132 143 60 182 42 14 157 97 80 194 176 255 80 74 41 64 181 187 209 1 127 50 11 84 11 
-0.1144197 0.1891668 0.7909238
220 176 185 225 226 111 117 153 50 247 167 24 223 55 72 123 51 157 109 58 56 86 249 2 221 195 117 116 160 240 135 227 
0.0685244 -0.0972363 0.9363576
53 225 9 33 80 78 107 216 32 108 235 13 87 83 26 16 56 204 85 111 72 146 217 12 245 173 169 196 104 51 114 195 
0.2520666 0.0645048 0.8673899
70 175 128 23 209 152 46 163 186 179 40 136 235 226 77 191 17 127 224 50 118 80 142 107 45 22 69 45 192 244 15 132 
0.2458840 0.0435888 0.8674288
171 170 194 18 234 177 184 207 187 51 240 255 40 234 246 158 175 171 247 149 183 95 142 243 30 24 223 235 207 68 235 149 
0.3552539 0.0571470 0.8652713
90 188 190 116 233 252 88 95 187 27 172 24 62 189 4 187 133 55 245 0 63 111 146 85 219 219 112 251 194 64 142 187 
0.3106749 0.0528735 0.8676849
133 229 196 7 212 43 102 172 118 162 75 64 211 97 137 80 113 110 34 110 104 240 77 46 172 134 231 4 176 251 208 128 
0.4612316 0.3073730 0.7469054
240 32 12 61 10 15 32 72 118 160 226 82 194 208 64 75 120 204 106 0 44 214 195 16 148 162 3 0 96 8 34 134 
0.4797233 0.3058801 0.7866325
100 248 173 117 140 79 70 158 202 185 2 76 211 249 93 42 129 70 121 90 211 112 251 32 239 219 229 116 136 120 210 34 
0.4616384 0.2451119 0.7805957
57 66 99 205 70 18 234 116 69 64 214 198 113 8 181 228 126 204 22 239 205 179 101 140 50 105 162 128 47 191 120 220 
0.4025844 -0.1471380 0.9558451
201 188 253 85 134 106 97 191 118 187 86 48 243 113 216 175 51 110 117 24 49 252 255 45 79 235 117 68 111 168 208 41 
0.3762637 0.2560134 0.7757815
124 163 248 96 248 173 91 91 34 173 173 41 23 167 74 16 149 154 197 16 26 26 232 16 219 197 37 253 160 194 198 99 
0.4587076 -0.0339939 0.9018373
237 99 88 37 52 15 82 184 41 236 124 13 215 9 91 144 152 204 69 110 76 48 193 14 234 221 33 181 72 171 74 67 
0.3702794 0.2192310 0.7913322
218 160 135 176 137 208 80 199 163 95 160 25 47 135 66 219 161 135 237 133 14 79 162 33 155 225 216 127 162 4 166 74 
0.3441497 0.2052063 0.7998644
189 140 236 105 180 31 78 186 87 234 254 6 211 104 215 97 89 196 30 60 189 248 125 30 239 207 165 84 184 232 88 84 
0.3318359 0.1409341 0.8263515
93 186 188 117 170 62 21 159 235 255 182 61 223 59 71 90 167 215 252 16 156 125 249 64 218 251 119 183 203 244 203 91 
0.3210813 0.1376949 0.8265983
82 66 174 189 58 34 24 47 22 189 151 167 109 46 50 75 246 245 173 165 172 193 15 221 250 103 255 149 165 36 61 91 
0.4378398 0.0665512 0.8635563
18 165 251 170 146 226 185 103 30 69 75 147 85 191 56 64 115 27 19 145 18 152 57 87 217 167 158 69 181 2 165 234 
0.3903926 0.1044188 0.8452786
189 118 17 97 113 15 91 48 49 238 189 76 223 19 67 17 22 172 76 126 248 214 121 28 239 217 33 116 106 163 66 115 
0.5427200 0.0920594 0.8456189
13 245 62 100 225 30 127 254 121 74 238 92 92 251 142 49 151 95 92 234 249 219 185 110 119 255 101 4 74 243 131 147 
0.5778100 0.0442566 0.8637977
92 49 151 100 138 106 85 149 160 241 170 40 215 119 1 59 32 246 108 120 25 195 179 40 217 162 116 16 162 242 134 114 
0.4643287 0.1886667 0.8057501
241 167 15 133 156 15 71 127 64 166 138 74 67 96 17 38 57 196 104 46 232 163 125 14 185 142 133 20 97 250 114 172 
0.4442171 0.2453732 0.7754285
120 126 188 116 9 189 84 70 195 182 164 9 47 185 70 27 137 243 236 0 78 111 210 49 211 211 85 59 98 88 78 10 
0.4286521 0.1560023 0.8116556
36 235 211 30 218 0 166 236 244 22 224 131 96 234 45 19 121 207 66 195 112 251 206 107 60 38 87 15 241 115 163 140 
0.3916331 0.1601418 0.8181189
107 50 247 101 123 30 120 88 235 248 182 237 191 159 198 62 182 189 253 60 132 243 227 200 95 249 99 183 102 164 38 247 
0.2227658 0.2665201 0.7719552
113 34 11 41 74 139 33 81 36 96 226 230 145 130 128 122 108 140 106 140 137 179 229 64 212 33 34 128 97 136 34 224 
0.2373647 0.2073556 0.7947179
248 249 57 104 232 205 81 240 121 124 228 8 183 151 64 113 144 152 85 106 107 43 242 53 243 217 32 120 64 0 70 250 
0.3597368 -0.2402101 0.9974340
1 145 17 73 240 151 226 59 95 73 120 68 152 24 172 244 222 26 22 152 151 186 113 95 46 156 34 74 219 130 233 181 
0.5860224 -0.1063462 0.9355803
1 93 59 69 147 206 180 246 252 224 106 68 158 179 33 112 166 125 18 72 225 184 48 78 37 190 22 2 72 48 97 187 
0.0083540 -0.2440789 1.0007341
48 84 123 108 80 207 83 120 116 64 245 8 115 87 0 48 58 184 70 40 105 182 48 31 115 143 32 0 113 128 102 178 
0.2241450 -0.0726790 0.9270441
56 176 121 120 88 237 81 87 163 21 164 24 55 151 64 56 129 186 68 24 27 107 178 17 219 205 48 121 226 128 198 170 
-0.1317097 -0.1343428 0.9561679
29 20 106 201 86 150 235 80 84 192 247 2 81 221 190 96 126 172 23 172 169 176 53 206 87 111 162 132 55 138 112 224 
-0.1199761 -0.0172878 0.8988585
248 176 254 122 171 237 81 91 163 31 165 56 63 215 66 27 47 179 237 16 58 111 186 49 219 209 80 121 242 192 166 99 
0.2002029 0.4046051 0.7043379
37 253 61 71 208 79 103 188 113 232 111 72 242 119 9 52 144 94 82 106 193 176 121 63 111 159 5 4 74 179 194 184 
0.2415090 0.3487016 0.7270615
173 13 18 123 21 159 99 80 116 34 231 24 211 209 49 52 216 40 66 110 233 180 89 62 231 223 1 16 90 171 88 160 
0.0876585 -0.1081402 0.9546105
48 176 121 106 248 201 81 91 35 13 172 40 51 215 64 56 15 186 69 24 26 11 226 19 217 141 48 120 224 130 230 235 
0.5258383 -0.1530801 0.9526832
186 66 14 190 40 132 88 80 165 140 245 133 111 207 35 89 204 161 205 132 12 135 66 8 210 225 234 153 48 135 46 83 
0.1487720 -0.2185474 0.9945220
252 190 188 115 169 125 87 159 179 255 175 61 219 55 67 58 133 214 237 18 190 79 251 50 251 223 117 253 226 241 206 115 
0.3383755 0.0724801 0.8621389
212 176 157 114 168 232 81 147 166 251 167 24 247 247 64 59 1 215 108 16 27 101 187 0 217 163 117 24 224 64 134 35 
0.4885419 0.3029180 0.7510586
236 96 60 101 13 79 71 8 112 160 167 8 211 17 89 48 152 212 120 106 104 240 249 10 231 217 5 52 66 59 86 34 
0.3643623 0.3016613 0.7541304
201 176 181 89 168 237 33 143 238 123 128 88 180 176 208 123 65 22 120 25 179 79 251 81 205 26 127 120 152 64 131 56 
0.3711477 0.2602803 0.7717448
165 156 174 190 236 47 215 246 92 95 189 29 214 40 58 11 201 67 95 39 188 231 88 34 241 31 122 28 216 121 250 210 
0.4503930 0.0588618 0.8636842
126 33 225 167 173 91 6 136 67 228 139 171 195 112 195 150 18 196 236 115 12 98 237 128 188 212 141 55 166 127 20 70 
0.3755398 0.2244761 0.7915515
90 238 166 186 137 208 69 199 163 31 136 57 46 134 98 159 193 179 237 145 14 75 170 177 145 240 222 59 130 68 166 110 
0.3430597 0.2062499 0.7932439
116 97 96 71 77 75 207 200 98 160 165 10 82 89 93 24 56 220 81 234 72 34 217 125 117 8 129 61 113 51 86 162 
0.3307837 0.1984473 0.7927898
246 237 199 86 159 114 78 236 59 166 235 206 104 98 141 215 123 206 232 238 125 215 253 238 58 126 197 23 175 119 250 52 
0.4062751 0.0586506 0.8663632
131 47 7 181 180 38 239 246 188 234 90 244 253 110 149 231 167 103 95 239 229 221 37 238 36 58 239 128 5 244 51 237 
0.3745590 0.0737548 0.8581384
116 212 252 126 140 14 85 184 227 190 165 8 115 113 79 123 201 212 108 106 104 103 251 29 243 251 101 61 115 251 94 34 
0.5417884 0.0351226 0.8687977
41 93 49 69 52 79 103 61 101 232 122 72 243 49 149 244 88 108 94 106 201 176 121 14 37 252 37 0 74 186 82 160 
0.5508025 -0.0128685 0.8955910
93 58 188 117 168 60 89 23 235 255 182 29 255 191 66 26 135 231 253 29 156 125 251 0 219 251 119 52 202 224 139 91 
0.3196885 0.1407472 0.8143779
162 46 232 28 108 249 158 75 223 103 241 187 33 236 246 1 73 171 195 133 190 126 110 155 22 22 153 187 85 236 222 214 
0.4158958 0.1130112 0.8424256
106 46 40 169 60 225 153 15 134 253 156 191 177 140 210 3 207 7 255 181 174 79 231 159 236 1 171 189 21 204 149 83 
0.4346381 0.0673218 0.8631895
210 119 62 172 42 98 31 123 166 228 159 167 93 215 34 66 54 117 253 227 64 197 139 92 240 163 235 149 36 51 165 115 
0.4829533 0.0606698 0.8705244
231 174 104 27 124 177 138 169 223 254 149 255 224 204 215 32 205 238 255 149 231 102 239 215 46 29 169 253 93 174 88 212 
0.4722148 0.0626738 0.8611306
239 99 236 4 108 27 205 168 192 190 180 173 67 40 215 27 8 196 100 239 204 98 238 8 118 8 229 189 101 255 94 68 
0.5111651 0.1733901 0.8098151
52 165 120 98 216 201 87 217 34 164 173 8 83 213 73 48 25 154 69 58 90 34 234 20 123 141 37 125 225 138 198 162 
0.4666269 0.1817878 0.8063866
77 237 246 100 168 15 239 254 121 170 250 12 223 251 17 48 151 79 124 110 232 251 153 106 243 223 101 4 72 241 195 129 
0.5785735 0.0443195 0.8640143
124 109 168 230 157 101 87 136 131 160 140 11 243 125 65 18 201 242 217 211 10 99 219 42 251 197 133 57 241 123 30 122 
0.5196580 0.0785851 0.8526033
66 41 150 30 201 200 52 231 187 149 224 9 174 226 36 223 161 99 234 80 20 203 146 96 25 54 86 91 192 84 171 142 
0.4278848 0.1549906 0.8215880
140 220 59 82 245 188 239 247 125 15 126 16 186 247 188 53 181 58 22 10 178 188 48 103 103 255 118 0 194 216 229 233 
0.5650206 0.3472463 0.7236218
107 48 118 101 104 31 248 89 239 232 182 169 143 159 212 62 174 189 255 29 132 251 231 192 214 249 3 178 71 132 99 215 
0.2222323 0.2661789 0.7750330
113 32 75 169 72 9 96 83 36 96 242 230 145 131 128 106 104 140 110 140 129 152 197 64 212 161 50 128 105 136 34 168 
0.2385556 0.2081483 0.8064340
53 1 19 224 149 134 204 97 132 128 195 18 81 90 56 96 248 160 26 177 89 131 16 204 185 136 143 64 189 10 240 130 
0.2872649 0.3961971 0.6939501
125 81 113 66 17 94 66 57 97 96 173 72 91 87 141 180 24 148 84 106 201 162 121 29 35 216 1 22 107 162 66 48 
0.4487676 -0.1739027 0.9704127
1 149 80 75 244 31 230 61 125 73 121 68 216 16 156 180 158 10 22 108 215 184 93 95 44 188 32 68 90 130 203 133 
0.5843884 -0.1071775 0.9306959
9 57 49 65 117 222 224 23 125 105 110 80 190 24 20 180 164 62 82 8 145 184 49 78 7 221 16 2 74 0 195 173 
0.0010553 -0.2094259 0.9830543
9 202 99 95 118 146 235 176 118 192 86 230 121 231 179 228 118 108 55 206 227 152 45 255 102 111 171 128 63 151 121 249 
-0.3356728 -0.1532358 0.9588038
141 240 17 67 1 78 113 25 120 88 99 80 222 87 8 57 144 25 80 42 33 52 57 85 133 155 64 70 72 2 199 178 
-0.1655233 -0.0734292 0.9280734
184 176 57 120 89 237 81 87 183 21 164 24 55 151 64 56 129 186 65 24 27 107 50 21 219 201 16 120 242 128 198 186 
-0.1324413 -0.1369158 0.9603131
38 48 240 225 117 127 250 200 75 245 181 155 142 29 95 8 191 145 223 179 150 102 89 208 159 220 139 247 151 207 71 215 
-0.0518262 -0.0186232 0.8884939
120 54 250 112 250 200 85 214 178 143 172 40 19 247 64 16 63 254 69 152 24 99 160 32 251 205 37 57 227 209 198 227 
-0.5146509 -0.1469119 0.9536217
248 184 247 90 235 253 81 203 235 31 165 24 42 215 76 191 43 178 238 24 58 111 186 241 91 219 80 123 227 192 198 99 
0.2005409 0.4037696 0.7010059
5 253 85 71 240 79 103 188 125 232 126 72 246 115 133 52 150 94 86 106 241 184 121 111 101 158 37 4 74 243 194 185 
0.2416890 0.3486579 0.7410975
29 112 87 37 2 79 107 80 41 224 38 200 95 87 129 189 54 213 92 238 193 240 181 72 151 200 97 128 107 167 3 113 
0.2894533 0.0804485 0.8584844
100 52 185 71 137 111 55 140 120 226 104 8 214 117 73 58 145 86 104 42 1 112 251 34 229 158 85 50 192 115 71 42 
0.5156132 0.2244207 0.7894682
80 185 159 116 182 75 113 174 186 240 170 40 215 181 65 50 163 118 108 16 1 233 179 14 249 231 117 55 224 40 7 59 
0.4598200 0.2458115 0.7759293
21 103 106 39 116 26 254 96 121 236 123 173 67 72 159 16 190 237 68 103 204 176 13 46 102 109 37 129 101 183 91 197 
0.5580385 0.1490884 0.8206932
238 239 117 250 236 225 223 252 195 190 61 248 108 111 217 151 79 211 87 251 242 103 106 255 125 94 229 254 247 247 214 97 
0.3968145 0.0687795 0.8596793
100 40 241 66 82 105 99 216 99 161 40 40 50 245 197 52 17 220 64 88 3 50 168 48 93 156 1 116 227 243 70 168 
0.4671092 0.1816450 0.8086525
154 102 42 184 138 167 191 99 148 6 207 151 133 205 50 72 252 169 251 167 188 167 6 30 240 37 186 137 21 77 181 210 
0.5024389 0.0938530 0.8510259
165 239 8 171 180 191 142 223 94 125 25 215 131 8 62 0 221 10 2 127 254 176 93 55 236 13 175 244 220 95 217 212 
0.4703358 0.0744382 0.8543860
221 68 133 163 140 102 79 136 22 242 139 147 215 103 89 107 89 199 121 255 121 196 251 162 201 130 207 20 160 255 181 112 
0.3415197 0.1092069 0.8423134
162 60 229 191 220 233 184 67 158 119 208 187 161 236 52 9 201 187 147 129 54 126 94 191 77 2 219 185 213 76 150 218 
0.4106948 0.1195352 0.8184949
91 132 140 165 13 54 76 39 4 235 142 7 243 42 18 194 217 231 125 173 29 24 209 137 202 239 250 145 40 106 152 26 
0.3901863 0.0894220 0.8535262
100 33 185 67 217 111 113 9 43 53 45 24 214 55 72 26 145 30 105 56 18 112 249 18 205 156 17 119 192 66 198 98 
0.4295064 0.3024369 0.7513073
81 85 25 101 48 14 71 48 100 136 107 76 247 115 137 113 20 68 76 106 201 176 17 12 161 168 32 16 104 178 66 41 
0.4144867 0.3010353 0.7547852
173 108 124 117 100 63 110 48 117 162 102 24 211 19 19 57 26 228 86 110 237 246 113 46 103 203 101 16 106 241 74 176 
0.5414955 0.0917777 0.8475224
109 177 221 101 236 94 110 185 66 240 45 72 217 115 216 178 17 92 240 122 209 82 251 16 79 207 229 109 138 171 218 160 
0.5204657 0.0786402 0.8529991
73 175 19 35 241 156 96 103 169 73 104 73 175 138 16 144 128 47 76 5 29 152 0 159 175 253 48 67 66 6 203 77 
0.4144269 0.2190357 0.7905632
220 160 189 116 168 232 81 31 178 183 167 24 215 247 72 27 3 215 108 16 58 75 171 0 217 227 117 125 224 192 134 99 
0.4866897 0.3028219 0.7507399
173 66 108 7 116 27 239 188 116 164 119 196 211 64 159 181 26 76 6 110 228 244 109 60 102 11 101 4 71 186 90 236 
0.4484885 -0.1739466 0.9684449
73 21 29 103 164 14 102 57 121 202 107 68 222 51 1 243 148 86 124 106 241 248 249 14 231 251 68 0 72 242 195 49 
0.3833939 -0.1991611 0.9790704
188 43 121 97 240 203 107 83 50 173 124 184 19 7 193 16 30 186 69 120 58 186 96 30 111 205 37 101 227 128 70 227 
0.4584694 -0.0361099 0.9086974
5 87 24 71 116 30 230 60 104 232 123 68 222 80 157 48 148 108 86 110 197 176 89 108 36 184 36 0 72 179 75 141 
0.3965871 -0.0318587 0.9084756
208 152 158 248 10 236 81 70 162 19 164 17 23 151 96 91 163 147 109 0 58 111 146 17 211 227 114 91 240 0 39 10 
0.5420693 -0.0815875 0.9271873
1 181 17 83 117 252 240 55 125 65 107 16 190 18 4 180 160 59 66 8 147 184 49 79 7 254 16 2 72 0 195 174 
-0.0001726 -0.2100210 0.9847460
93 50 144 166 169 60 88 24 235 251 179 92 207 251 73 250 167 197 252 52 141 71 138 192 154 249 115 190 138 119 11 17 
0.2226321 -0.1478136 0.9672472
216 182 252 252 42 44 25 50 169 31 182 253 159 47 130 19 135 151 237 0 168 77 130 1 210 243 114 129 42 128 15 83 
0.3210683 -0.2223731 0.9887807
57 121 123 107 118 207 99 240 100 72 116 76 115 81 177 48 58 168 22 106 201 178 48 61 119 137 32 0 105 187 66 185 
0.1122164 -0.0417923 0.9169804
2 168 132 21 89 141 160 232 170 145 32 9 102 224 76 22 177 109 96 17 6 105 154 93 29 6 69 110 65 32 3 142 
0.2460787 0.0440517 0.8695038
56 4 51 108 17 111 67 112 117 4 229 8 91 55 32 52 24 144 194 40 41 167 48 14 211 239 0 16 115 162 102 162 
0.2237877 -0.0723751 0.9301337
38 235 232 169 140 49 156 207 2 245 156 143 129 140 87 10 201 203 195 245 222 98 238 144 106 5 175 253 213 124 254 198 
-0.1037399 0.1877027 0.7942303
197 52 145 71 197 110 103 24 120 234 35 88 214 49 89 59 144 84 112 42 161 244 249 66 5 186 69 4 202 243 67 32 
-0.2506862 -0.0514227 0.9183954
160 176 59 121 64 233 177 71 58 23 96 24 180 151 64 57 161 59 66 16 2 94 178 81 69 128 50 104 64 0 135 234 
-0.1904247 -0.1380576 0.9623746
120 171 250 100 170 233 83 87 163 165 172 41 63 183 66 16 47 182 237 0 26 43 162 33 219 197 49 121 227 194 166 106 
-0.0887357 -0.1714131 0.9684153
62 96 240 225 103 127 250 200 107 183 177 27 207 28 95 142 191 213 223 243 142 118 217 192 159 220 139 247 231 191 87 199 
-0.0510976 -0.0206478 0.8920801
248 5 124 236 12 70 69 57 68 166 214 10 83 113 162 83 88 148 108 40 104 167 113 31 209 235 97 20 48 168 84 96 
-0.3738151 -0.0089058 0.8795693
41 241 85 71 85 30 230 184 113 232 107 68 218 81 140 180 148 76 82 106 225 240 121 12 39 218 1 6 75 179 74 188 
-0.4134105 -0.0366927 0.9110140
1 53 211 71 112 79 230 56 104 232 123 76 211 48 156 48 48 92 84 106 193 176 177 12 37 156 37 0 72 226 67 184 
-0.4586225 -0.1096808 0.9326982
26 93 58 212 83 218 182 102 173 132 78 3 44 159 39 64 162 125 131 65 68 153 16 236 119 117 10 3 2 52 13 202 
-0.0167825 0.4005845 0.7011781
104 83 244 101 45 31 85 58 99 172 190 104 203 33 197 210 148 212 236 40 200 112 193 28 255 255 101 55 66 184 70 35 
0.5336601 0.0376523 0.8445606
40 165 75 51 112 233 112 23 57 73 111 89 186 203 10 144 146 42 198 16 23 184 0 71 206 61 48 65 200 128 202 218 
0.4131959 0.2177728 0.7945095
199 251 145 129 58 25 154 156 47 125 16 237 172 6 206 148 135 65 108 87 215 72 207 243 172 16 47 254 28 134 131 93 
0.3916469 0.1617606 0.8196626
121 184 156 244 173 44 80 23 171 187 166 25 247 187 80 26 129 230 125 28 24 107 211 32 219 251 85 57 200 96 202 10 
0.3245176 0.1347947 0.8339123
252 127 13 167 188 78 79 184 48 238 159 237 211 103 139 83 93 196 77 254 105 199 233 46 249 231 165 180 160 251 22 113 
0.3357269 0.0984629 0.8476912
149 94 125 75 14 91 167 248 76 242 179 226 211 28 189 109 111 16 106 106 229 165 109 60 32 138 69 22 117 251 85 109 
0.4713933 0.0717763 0.8579503
226 166 73 211 184 241 76 175 31 187 156 184 161 39 196 239 77 214 255 144 58 77 233 247 191 87 255 255 150 216 156 44 
0.4360422 0.0676496 0.8618147
8 174 43 185 244 175 181 247 222 79 88 21 166 232 50 1 153 106 3 29 178 252 34 63 237 23 62 224 212 92 213 233 
0.4162578 0.1116447 0.8423004
46 167 133 179 184 123 78 159 23 187 159 241 195 103 200 207 89 214 239 190 59 64 107 177 174 215 213 247 146 253 156 101 
0.3872408 0.1209251 0.8445814
228 18 165 166 45 47 73 24 23 229 135 31 215 67 91 76 80 132 109 63 136 80 219 146 213 182 201 84 174 143 84 114 
0.3890506 0.0886934 0.8556761
152 164 22 120 203 237 112 107 189 31 105 25 46 251 40 145 161 19 226 0 54 235 18 23 211 247 80 75 242 64 167 130 
0.4337071 0.2399785 0.7895758
218 166 247 85 50 50 170 35 61 167 98 240 201 38 132 253 55 223 170 168 176 220 165 78 14 238 87 129 231 224 167 172 
0.4157353 0.2584873 0.7758622
40 152 27 120 75 205 112 87 175 65 108 5 62 159 32 152 169 59 130 16 19 42 50 113 87 213 16 75 219 10 238 218 
0.5561756 0.1090691 0.8415582
45 108 252 101 228 47 119 154 100 174 190 25 211 57 19 59 25 230 118 46 60 240 105 10 71 207 117 21 225 251 218 130 
0.5391788 0.0901289 0.8477074
134 246 124 211 74 137 191 252 20 54 21 255 69 77 158 1 63 153 195 227 226 118 12 119 118 3 121 237 125 155 143 153 
0.5117475 0.0590583 0.8561890
114 32 114 225 109 169 248 66 237 33 243 130 141 159 84 26 238 157 95 145 136 187 197 192 150 248 130 179 69 128 107 129 
0.2204809 0.2658016 0.7756884
219 149 101 222 250 84 125 61 93 89 87 183 121 110 190 117 118 151 191 165 245 13 47 213 119 123 250 198 55 134 165 125 
-0.0776257 0.1795101 0.7993601
248 184 255 90 233 253 81 206 235 27 164 56 58 215 204 63 171 178 236 16 27 111 250 113 91 217 85 127 227 64 198 47 
0.2009394 0.4024223 0.7017250
23 237 229 71 214 95 239 248 127 242 79 2 89 127 29 37 63 223 115 255 225 208 253 254 127 14 207 4 167 243 247 224 
0.1366401 0.4177359 0.7076221
124 52 154 190 217 229 86 200 131 142 173 9 102 251 43 26 217 240 237 2 8 99 218 56 211 231 1 59 242 123 110 2 
-0.0562920 -0.0741524 0.9200991
34 197 112 138 125 213 154 236 143 21 184 11 172 222 62 132 255 155 151 211 70 43 90 253 187 84 143 127 23 14 205 143 
-0.0866615 -0.0218202 0.9042755
144 172 30 185 146 233 81 87 180 21 230 177 183 7 2 17 163 51 77 16 58 201 2 61 235 193 48 65 160 0 143 75 
-0.1922748 -0.1414915 0.9678205
161 180 113 81 80 239 99 218 123 225 96 24 18 213 204 52 25 24 82 24 51 250 240 95 45 156 17 100 67 128 70 160 
0.5290120 -0.1551835 0.9579069
55 52 130 62 153 247 150 200 150 195 201 13 98 252 111 128 217 106 145 119 190 35 90 190 187 87 13 127 217 127 154 214 
0.4497378 -0.1778135 0.9768935
216 126 127 114 42 237 119 214 179 46 164 56 63 215 1 24 39 253 77 2 40 71 162 59 215 231 112 57 96 209 7 107 
0.3593926 -0.2392874 0.9978859
64 56 113 127 34 200 19 16 104 12 119 40 246 87 129 48 130 50 68 10 1 168 226 41 197 184 32 2 64 131 71 235 
0.3289913 -0.1075564 0.9406807
88 168 190 98 42 232 17 2 162 31 173 41 63 151 64 26 163 179 237 18 10 47 170 49 211 199 112 121 96 66 38 43 
0.2533337 -0.1001882 0.9509854
13 231 96 7 52 31 238 184 108 168 127 68 203 72 158 164 28 76 78 111 196 176 109 12 38 121 37 132 74 191 91 5 
-0.4143134 -0.0359551 0.9097716
180 44 37 97 157 111 195 202 67 240 169 24 210 57 69 56 153 214 200 114 56 98 249 54 219 208 1 127 193 107 86 162 
0.0869741 -0.1060842 0.9425904
68 100 153 225 176 42 105 158 58 187 170 88 215 35 201 90 23 212 108 184 43 84 201 66 204 180 53 116 136 211 3 41 
0.0684193 -0.1001236 0.9395357
237 116 61 103 13 79 71 168 121 226 103 8 210 81 9 51 144 84 104 106 105 240 249 14 165 219 1 54 72 59 70 34 
0.3629194 0.3019421 0.7534506
66 233 0 10 25 205 146 200 170 52 161 9 174 192 64 144 136 57 232 81 78 35 218 85 153 48 1 123 64 6 15 14 
0.2454484 0.0431571 0.8714908
185 71 99 205 118 26 239 120 117 200 254 230 91 43 151 229 122 204 6 238 237 178 101 206 118 239 163 128 111 251 120 165 
0.6266940 -0.0100078 0.8883452
157 253 186 183 182 107 54 236 118 234 223 51 215 248 107 106 127 251 220 99 253 112 205 46 248 199 103 231 237 123 169 131 
0.4500851 0.0589586 0.8671467
120 169 158 250 137 205 80 199 171 29 164 25 47 251 66 154 129 243 237 16 30 107 218 177 219 215 20 123 194 0 143 10 
0.4895381 0.3098224 0.7542604
60 82 123 111 114 75 67 112 96 76 117 104 83 87 129 48 62 184 4 106 201 178 36 28 211 233 33 128 101 163 70 241 
0.1109063 -0.0443298 0.9185426
52 172 156 184 219 227 16 203 183 55 160 17 14 179 96 24 193 147 235 144 58 75 10 87 155 215 83 127 144 65 47 130 
0.4298746 0.2399742 0.7754095
84 114 10 165 18 79 82 24 54 172 134 165 195 231 75 80 112 252 237 224 44 209 249 30 251 231 171 149 40 35 54 83 
0.5439144 0.0656176 0.8606246
87 163 172 187 138 233 159 169 174 61 157 155 245 238 90 10 51 67 125 223 22 73 239 113 205 7 255 253 148 67 133 98 
0.5303200 0.0563037 0.8584839
54 96 242 224 69 127 250 192 143 182 179 11 206 154 127 142 251 213 223 243 12 119 24 192 159 216 143 119 197 127 95 134 
-0.0623644 -0.0309534 0.9211146
40 160 243 72 83 232 97 79 115 7 108 24 26 151 196 60 57 152 2 24 18 62 176 83 93 158 16 106 243 128 230 234 
-0.0927716 -0.1725919 0.9707422
211 60 133 176 40 44 9 134 171 82 130 213 191 166 3 123 135 87 125 5 173 77 247 96 129 242 90 26 136 85 35 124 
-0.1686703 -0.0722714 0.9279634
211 94 134 159 139 48 172 206 188 82 194 247 236 230 169 207 39 87 234 135 37 69 135 99 148 34 90 130 136 117 33 29 
-0.1893045 -0.1406662 0.9598390
26 75 106 125 87 210 127 114 117 68 94 167 41 207 183 228 126 232 191 207 196 152 38 253 102 109 170 137 55 183 124 220 
-0.3327546 -0.1542304 0.9611142
248 184 255 90 235 249 145 207 235 23 180 56 42 223 204 63 171 179 238 16 26 111 170 113 91 217 85 127 227 80 198 111 
0.2001519 0.4016820 0.7082340
53 233 167 198 93 87 235 232 231 240 203 10 112 252 125 38 120 228 122 235 73 99 187 248 59 24 199 44 195 51 114 228 
0.1374823 0.4161224 0.6958610
86 113 150 154 195 192 182 200 168 132 67 2 108 246 105 74 178 115 170 82 2 193 154 224 25 32 79 75 128 51 37 131 
-0.3860750 -0.0135417 0.8934796
124 177 243 106 187 249 87 216 35 5 173 40 79 247 76 180 50 210 236 90 27 35 170 177 251 221 5 127 227 243 198 39 
0.1453748 -0.0706469 0.9324601
205 173 21 115 232 45 103 185 170 184 39 88 159 115 192 187 135 18 108 26 51 88 235 53 237 217 101 100 202 193 131 161 
0.0682107 -0.1022543 0.9439323
99 192 233 206 78 16 188 188 9 66 88 199 121 46 190 112 118 155 51 133 195 18 231 233 54 46 250 138 61 214 241 253 
-0.1128784 0.1864896 0.7890434
66 180 165 83 233 105 173 141 59 127 185 185 204 46 76 159 151 19 253 177 51 72 235 211 13 18 93 254 199 70 135 125 
0.4499644 -0.1788722 0.9785401
229 100 156 103 133 15 103 185 120 162 39 28 210 113 25 51 144 68 104 110 248 244 217 42 239 251 69 20 64 251 202 0 
0.3803678 -0.2029820 0.9835220
33 255 67 76 112 128 111 247 97 72 120 228 49 193 180 52 120 170 6 204 195 186 36 127 54 44 164 200 127 146 242 185 
0.2885615 0.0808369 0.8525576
254 243 228 22 139 114 86 252 243 255 189 189 74 108 159 158 25 198 237 230 188 99 239 162 122 127 197 159 231 247 254 87 
0.2452296 0.0426869 0.8731352
212 168 151 178 137 236 0 200 174 179 131 24 215 243 72 91 225 247 105 83 26 79 219 49 217 227 95 125 128 3 135 34 
0.5878918 -0.0178207 0.9072635
41 36 81 101 52 191 98 51 117 233 122 88 243 48 20 180 24 172 86 40 185 184 85 15 135 255 33 64 74 138 74 164 
0.5526208 -0.0138190 0.8989228
198 52 191 27 202 108 181 143 190 23 78 16 156 182 73 107 39 95 234 17 48 77 187 98 101 38 94 42 144 81 133 113 
0.4535295 -0.0356977 0.9081436
88 56 151 84 43 216 80 66 235 16 164 40 46 147 69 191 163 181 236 0 11 107 178 193 147 240 81 59 194 0 10 47 
0.3193589 0.2095592 0.8005780
108 115 33 71 96 30 111 24 97 108 231 204 211 7 157 180 28 220 68 238 201 178 249 12 39 248 33 4 67 179 70 241 
0.5563712 0.1686540 0.8084564
143 244 253 119 160 126 255 188 61 254 255 244 221 127 159 189 183 87 255 47 241 212 249 238 238 255 127 134 206 247 143 241 
0.6331966 0.0339189 0.8637046
189 229 65 101 147 11 71 253 84 226 234 206 115 97 153 177 89 206 4 110 233 178 77 62 248 206 165 20 107 254 210 32 
0.4322877 0.3028370 0.7554478
100 164 57 107 152 110 83 9 114 113 233 24 215 55 72 120 81 157 72 50 27 18 249 22 205 181 3 124 192 195 134 34 
0.4651471 0.2386384 0.7816442
35 166 232 1 116 187 72 3 123 101 255 137 3 8 150 20 155 142 68 28 158 184 229 79 46 28 0 81 197 206 94 68 
0.4672084 0.1815167 0.8136826
91 83 121 228 38 22 95 48 105 72 62 231 31 31 150 116 182 149 149 239 205 160 37 204 226 249 162 130 111 182 69 119 
-0.0210920 0.3993472 0.7068644
237 125 53 85 133 223 102 178 251 234 38 76 158 56 21 183 128 100 104 74 229 248 241 188 167 218 69 50 74 125 75 6 
0.3652722 0.3035202 0.7686502
139 190 225 211 231 248 169 151 59 127 20 246 172 46 214 174 39 27 151 157 151 92 231 243 14 94 158 226 143 196 131 253 
0.2370807 0.3150034 0.7407067
158 55 245 65 178 123 52 217 121 175 119 240 79 46 140 189 55 221 196 48 180 244 45 206 62 210 101 199 231 244 143 133 
-0.2493181 -0.0516720 0.9195714
15 13 199 23 131 114 110 159 182 211 78 213 201 102 209 239 35 111 249 156 177 220 239 226 44 102 223 196 175 245 161 124 
-0.1868367 -0.1415028 0.9557518
237 224 96 73 45 25 68 156 99 117 53 157 139 12 222 181 8 128 196 126 239 52 253 145 38 89 5 117 86 156 222 116 
0.1978701 -0.1950538 0.9884149
173 170 156 241 205 173 225 215 222 189 36 24 134 129 80 41 137 42 98 28 146 124 250 176 207 217 85 118 192 8 211 170 
0.1986821 0.3854957 0.7071723
108 180 187 122 203 225 83 222 119 15 109 56 127 247 104 56 59 219 166 144 19 62 186 51 95 207 53 109 243 67 166 171 
0.4791186 -0.2230926 0.9960971
62 197 116 169 29 95 218 232 15 36 184 11 78 94 14 132 251 145 223 241 78 35 89 223 187 220 135 119 119 14 92 70 
-0.0835440 -0.0220375 0.8986374
208 54 94 250 42 32 25 83 176 31 181 189 23 39 10 27 39 21 109 4 40 79 130 0 209 163 112 137 160 192 167 27 
0.3262540 -0.1103984 0.9442019
220 44 159 126 232 237 113 83 179 159 239 24 127 247 1 25 37 255 109 152 56 215 154 106 221 239 112 0 224 225 38 162 
0.3615332 -0.2373886 0.9992008
115 193 235 205 70 0 174 255 10 65 88 199 57 174 188 112 126 223 55 207 195 18 172 241 54 44 170 172 61 148 241 252 
-0.1129644 0.1830982 0.7903177
144 113 63 124 67 212 181 103 169 13 226 24 44 151 36 151 166 51 205 128 96 171 178 77 179 241 82 11 65 0 167 235 
0.1068597 -0.1868547 0.9791368
212 223 93 108 138 2 23 186 52 22 236 164 55 119 1 19 38 209 109 226 106 3 27 43 240 162 103 12 121 241 39 51 
-0.0043066 -0.2069701 0.9863989
254 255 238 94 187 123 87 252 243 252 191 189 75 236 207 183 63 230 237 118 255 67 175 179 251 115 101 191 231 247 254 87 
0.2460061 0.0427959 0.8727006
210 32 166 178 13 244 88 7 175 23 130 25 174 186 94 219 225 163 249 145 46 79 146 227 147 114 218 59 130 68 189 14 
0.2254373 -0.0342670 0.9136382
88 161 152 234 56 45 66 9 174 33 139 8 223 211 72 208 146 151 108 88 26 3 219 17 185 245 11 124 160 2 11 32 
0.5779998 -0.0115539 0.8984746
166 174 183 223 249 239 111 250 247 255 241 24 236 247 105 223 93 254 251 186 59 254 234 255 47 118 85 46 210 253 166 225 
0.4469855 0.0608027 0.8656844
75 185 246 87 242 218 63 253 191 235 127 160 253 247 142 118 55 127 255 10 147 217 175 253 254 254 63 130 142 182 131 255 
0.3772949 0.0574315 0.8684304
199 118 93 183 162 46 126 188 61 66 67 253 255 103 11 89 151 71 125 38 165 84 219 110 164 243 111 132 44 245 11 89 
0.4779365 -0.1139950 0.9582096
191 253 229 15 223 119 199 252 23 234 249 239 83 124 159 180 125 222 247 231 253 243 125 62 59 70 229 182 255 127 246 247 
0.3999484 -0.0336140 0.9104215
112 56 158 112 11 217 16 66 235 184 180 40 47 146 69 187 162 177 236 0 15 111 178 1 147 217 112 59 64 0 79 15 
0.3195426 0.2089263 0.7966787
252 253 189 118 153 101 86 172 211 250 169 25 242 119 75 123 217 214 232 114 111 103 251 59 251 219 69 63 208 123 198 82 
0.3458413 0.1043249 0.8541487
90 169 144 182 137 252 16 135 171 177 139 9 174 247 66 218 129 247 237 17 30 75 218 33 155 245 29 123 130 70 143 10 
0.4838356 0.3023371 0.7466648
77 171 143 30 218 210 33 184 246 221 70 164 245 231 235 250 21 110 232 220 147 201 175 53 76 35 117 205 130 162 47 249 
0.4097980 0.3026617 0.7440286
36 180 17 97 153 111 67 136 115 49 169 24 215 87 73 56 81 156 88 58 27 50 249 22 205 156 1 116 208 3 2 34 
0.4664689 0.2386298 0.7879676
100 177 168 91 217 36 67 152 51 148 165 28 210 83 75 28 217 200 65 254 58 66 251 2 77 157 133 124 192 35 230 242 
0.5370779 0.1713481 0.8184006
96 39 109 1 244 235 233 35 232 229 123 141 147 12 150 16 136 166 67 29 150 184 101 79 108 4 32 192 197 200 86 232 
0.4691861 0.1806009 0.8233665
55 104 99 83 203 189 226 192 47 63 241 94 10 204 93 156 233 137 70 86 15 182 250 241 23 92 16 250 227 31 210 245 
0.4133821 0.2187934 0.7909710
220 237 140 247 143 173 86 174 62 183 11 19 246 250 73 75 179 111 109 70 126 220 219 63 233 175 255 49 160 123 217 10 
0.4344695 0.0689981 0.8625148
110 126 158 151 169 189 20 134 222 179 170 13 228 250 79 219 197 119 234 147 44 193 91 168 14 151 221 19 136 121 8 14 
0.3863317 0.1070664 0.8425629
184 0 123 104 0 110 73 81 33 4 229 8 19 7 1 16 124 156 21 172 8 150 48 12 211 233 160 4 97 128 102 114 
0.1110197 -0.0438180 0.9137197
246 76 112 227 228 168 254 196 233 19 177 146 141 10 93 91 238 131 95 211 208 39 192 226 182 216 154 234 197 91 227 129 
0.2196200 0.2635832 0.7964625
103 229 177 92 201 29 78 168 219 178 41 8 246 240 93 191 149 80 113 126 227 98 250 25 43 30 69 60 82 251 3 36 
0.5364778 -0.1605752 0.9693213
211 182 151 178 170 172 28 23 186 91 131 253 183 246 64 219 135 179 125 149 47 79 218 34 145 226 122 218 168 64 131 19 
0.3243884 -0.1125514 0.9454983
27 155 107 236 246 146 251 247 189 77 94 230 25 174 182 100 126 191 23 205 149 155 36 255 114 109 170 192 55 132 179 245 
-0.0729278 0.1786410 0.7724829
39 251 227 73 245 157 238 221 107 73 124 108 26 236 220 180 188 74 22 93 215 186 238 243 46 28 37 238 207 158 218 181 
0.1419392 -0.0859256 0.9670938
130 218 22 92 75 192 180 102 189 31 96 241 44 151 36 153 174 187 167 128 98 223 130 97 16 178 90 139 1 16 167 139 
0.1070124 -0.1975259 1.0015488
84 152 191 184 168 228 80 191 174 91 130 81 223 247 72 91 165 23 125 16 26 77 155 113 217 243 122 94 136 64 163 19 
0.3379886 0.1392031 0.8283579
32 104 108 45 108 139 97 72 102 180 228 9 163 129 83 24 8 236 96 78 78 118 199 21 70 153 1 57 64 155 94 136 
0.5562842 -0.0162505 0.9014424
173 101 41 69 52 30 78 56 112 234 255 72 211 56 157 48 92 220 84 234 237 180 237 14 102 255 161 148 111 243 90 128 
0.5550066 0.1687877 0.8068218
116 165 134 62 137 111 102 236 55 179 235 9 226 227 9 27 217 206 106 170 26 227 219 61 185 246 85 29 192 115 230 2 
0.6074924 0.0689500 0.8507059
221 93 87 69 130 6 78 176 113 226 194 68 83 35 145 255 84 244 124 234 233 212 245 46 177 234 229 20 174 241 112 56 
0.4309097 0.2399873 0.7793466
30 86 118 81 11 15 189 115 172 38 175 181 73 7 38 159 47 21 235 162 96 133 3 78 99 203 82 215 99 180 167 243 
0.4622983 0.1841723 0.7981215
212 236 158 183 142 169 118 166 183 183 195 59 230 227 73 95 51 239 109 67 122 93 139 115 252 166 93 99 164 121 161 10 
0.4428200 0.0602861 0.8961712
184 172 89 105 178 235 35 202 116 43 244 176 155 55 128 176 31 154 196 176 59 188 104 30 235 205 33 69 227 129 102 161 
-0.1331646 -0.1426198 0.9651303
89 125 22 84 17 157 116 119 249 200 46 76 174 184 7 183 164 34 232 8 229 233 178 111 163 223 84 18 74 84 203 15 
0.3654445 0.3047656 0.7703786
79 123 80 165 115 26 62 176 41 224 106 229 206 3 129 212 22 93 197 102 197 144 93 204 166 244 13 134 46 182 11 149 
0.5122772 0.2217884 0.7902784
