201
0.2524964 -0.0926282 0.9337533 0.2876647 -0.6489090 0.9953557
-0.1959079 -0.0319776 0.9066596 0.2184646 0.0680496 0.8677975
0.6617351 0.0958458 0.8426707 0.0770801 -0.6958100 1.0886980
0.6361546 0.0342067 0.8678066 -0.0481256 -0.2556093 0.9743595
0.5296776 -0.1553556 0.9635033 0.2597738 -0.6992499 1.0819997
0.5458651 -0.2116244 0.9749709 -0.0327658 -0.7617964 1.1190704
-0.0597651 -0.0698967 0.9289007 0.5345055 -0.6187854 1.0277406
0.1501672 -0.2198913 0.9964653 0.3912959 -0.9389144 1.1185251
0.0695747 -0.2510560 1.0019950 0.4798370 -0.8553635 1.0869416
0.4749982 -0.1075673 0.9341397 0.2626038 -0.3113253 0.9362542
0.2916381 -0.1937410 0.9819859 0.2339775 -0.7984015 1.0981458
0.2424128 0.3478383 0.7430095 0.2138883 -0.7559818 1.0896627
0.5274910 0.1512944 0.8259245 0.5770379 -0.6138629 1.0248077
0.0200542 -0.1149288 0.9521337 0.1874221 -0.6959306 1.0710630
0.3841900 -0.1975310 0.9765729 0.4686389 -0.7714949 1.0673438
-0.0997199 0.1878917 0.7881916 0.2704739 -0.9694593 1.1379514
0.3662819 0.3013988 0.7560160 0.2969121 -0.7758350 1.0935421
0.5297533 0.0448780 0.8710966 0.3577531 -0.7490613 1.0734836
0.5514582 -0.0130517 0.8983471 0.2833302 -1.0179855 1.1517273
0.4068484 0.0576644 0.8665087 0.4074040 -0.8769996 1.1010827
0.3751095 0.0626754 0.8660729 0.4372557 -0.8014066 1.0793186
0.3527488 0.1268262 0.8359389 0.5858589 -0.4981200 0.9938635
0.5121319 0.0928225 0.8484265 0.1075902 -1.0641028 1.1847901
0.5203235 0.0785069 0.8553974 -0.0523000 -0.7311887 1.1141549
0.4153334 0.1138310 0.8428177 0.0225134 -0.3769465 0.9818500
0.4333376 0.0671973 0.8635818 -0.1125619 -0.0334330 0.9046453
0.4288473 0.3051968 0.7519010 0.0408020 -0.0157990 0.8819990
0.4333799 0.2453426 0.7783125 -0.1698315 -0.2887526 0.9905554
0.3912307 0.1599762 0.8143634 0.6185994 -0.9353398 1.1100508
0.2676061 0.3324698 0.7422149 0.2636136 -0.6992621 1.0738993
0.3597593 -0.2411636 0.9995653 -0.0098223 -0.6201959 1.0753399
0.2382968 -0.1482651 0.9663786 0.3435423 -1.0266597 1.1470915
0.1805463 -0.1901331 0.9767498 -0.0830619 -0.7827978 1.1309544
0.1130299 -0.0397214 0.9164864 0.6079902 -0.9802241 1.1152843
0.3303492 -0.1061278 0.9413162 0.2166985 -0.6978282 1.0248331
-0.2526661 -0.0522561 0.9203811 -0.0486990 -0.5461465 1.0624691
-0.0874194 -0.1729596 0.9742895 0.0703129 -0.5207949 0.9541565
-0.0846838 -0.0182171 0.8961477 0.2060087 -0.7569000 1.1010243
-0.0876988 -0.1729305 0.9720137 0.3851252 -0.9445770 1.1260219
-0.1887926 -0.1350302 0.9560062 0.6229219 -0.8758928 1.0914608
0.1036129 -0.1860393 0.9844986 0.5570233 -0.8629697 1.0674928
0.0689658 -0.2515262 1.0038911 0.2537956 -0.8472405 1.1019759
0.6005579 0.0924574 0.8431026 0.2532058 -0.8193198 1.1036699
0.6109049 0.0680090 0.8543893 0.1765534 -1.0215524 1.2141858
0.2816274 -0.1844863 0.9811479 0.4003558 -0.7526546 1.0725294
-0.1144197 0.1891668 0.7909238 0.3576307 -0.7493254 1.0726964
0.0685244 -0.0972363 0.9363576 0.3192933 -0.9416006 1.1294219
0.2520666 0.0645048 0.8673899 0.3283519 -0.7550852 1.0673162
0.2458840 0.0435888 0.8674288 0.3260693 -0.7444546 1.0605066
0.3552539 0.0571470 0.8652713 0.3042062 -0.7747039 1.0790313
0.3106749 0.0528735 0.8676849 0.2838593 -1.0178390 1.1499387
0.4612316 0.3073730 0.7469054 0.3047623 -0.9524075 1.1333832
0.4797233 0.3058801 0.7866325 0.4199651 -0.9170102 1.1112344
0.4616384 0.2451119 0.7805957 0.4163800 -0.8708743 1.0981774
0.4025844 -0.1471380 0.9558451 0.5358213 -0.8115599 1.0751224
0.3762637 0.2560134 0.7757815 0.4757882 -0.8392906 1.0829082
0.4587076 -0.0339939 0.9018373 0.3611265 -0.8102901 1.0911831
0.3702794 0.2192310 0.7913322 0.5896676 -0.5635332 1.0048730
0.3441497 0.2052063 0.7998644 0.5859498 -0.4973427 0.9944780
0.3318359 0.1409341 0.8263515 -0.0417035 -0.9557920 1.1996429
0.3210813 0.1376949 0.8265983 0.1086639 -1.0633205 1.1842089
0.4378398 0.0665512 0.8635563 0.0051125 -0.5722881 1.1029177
0.3903926 0.1044188 0.8452786 0.0345393 -0.7000597 1.0955054
0.5427200 0.0920594 0.8456189 0.5772110 0.0263012 0.8479041
0.5778100 0.0442566 0.8637977 -0.1400232 -0.2878194 0.9882849
0.4643287 0.1886667 0.8057501 -0.1497368 -0.3489353 1.0053470
0.4442171 0.2453732 0.7754285 0.0061035 -0.3915367 1.0088844
0.4286521 0.1560023 0.8116556 -0.0102590 -0.3330479 0.9967773
0.3916331 0.1601418 0.8181189 -0.0558923 -0.0784799 0.8599384
0.2227658 0.2665201 0.7719552 0.0300780 -0.0071546 0.8914756
0.2373647 0.2073556 0.7947179 -0.0088705 -0.6196342 1.0742517
0.3597368 -0.2402101 0.9974340 -0.0137749 -0.5753710 1.0341588
0.5860224 -0.1063462 0.9355803 0.5878401 -0.5628157 1.0125363
0.0083540 -0.2440789 1.0007341 0.5614656 -0.5705273 1.0161759
0.2241450 -0.0726790 0.9270441 0.1861346 -0.6956599 1.0703076
-0.1317097 -0.1343428 0.9561679 0.2437896 -0.7285523 1.0740916
-0.1199761 -0.0172878 0.8988585 0.6077995 -0.8351968 1.0744147
0.2002029 0.4046051 0.7043379 0.5131131 -0.7483550 1.0733302
0.2415090 0.3487016 0.7270615 0.4727569 -0.7641219 1.0645745
0.0876585 -0.1081402 0.9546105 0.3974868 -0.9714281 1.1272564
0.5258383 -0.1530801 0.9526832 0.2607639 -0.8925266 1.1234659
0.1487720 -0.2185474 0.9945220 0.1763385 -0.9033245 1.1350595
0.3383755 0.0724801 0.8621389 0.4319056 -0.7790075 1.0774398
0.4885419 0.3029180 0.7510586 0.4000256 -0.7529529 1.0754496
0.3643623 0.3016613 0.7541304 0.3882655 -0.7438979 1.0694934
0.3711477 0.2602803 0.7717448 0.2748897 -0.9861585 1.1301349
0.4503930 0.0588618 0.8636842 0.2637718 -0.9847773 1.1397876
0.3755398 0.2244761 0.7915515 0.3105974 -0.7807471 1.0891716
0.3430597 0.2062499 0.7932439 0.2986068 -0.7700247 1.0856636
0.3307837 0.1984473 0.7927898 0.2664322 -0.8755559 1.1179957
0.4062751 0.0586506 0.8663632 0.3125761 -0.9447646 1.1433156
0.3745590 0.0737548 0.8581384 0.2727606 -0.9109950 1.1254267
0.5417884 0.0351226 0.8687977 0.3538896 -0.9774510 1.1307015
0.5508025 -0.0128685 0.8955910 0.4718387 -0.8291334 1.0836949
0.3196885 0.1407472 0.8143779 0.4809819 -0.8110453 1.0848249
0.4158958 0.1130112 0.8424256 0.6214605 -0.9322742 1.1001534
0.4346381 0.0673218 0.8631895 0.3731394 -0.6476654 1.0466707
0.4829533 0.0606698 0.8705244 0.5854074 -0.4979176 0.9954846
0.4722148 0.0626738 0.8611306 0.6054676 -0.6529962 1.0289868
0.5111651 0.1733901 0.8098151 -0.0466977 -0.9580159 1.2081397
0.4666269 0.1817878 0.8063866 -0.1455151 -0.8825517 1.1787778
0.5785735 0.0443195 0.8640143 0.1377693 -0.8581004 1.1273725
0.5196580 0.0785851 0.8526033 0.0189084 -0.7324173 1.1052779
0.4278848 0.1549906 0.8215880 0.0276961 -0.8137550 1.1280587
0.5650206 0.3472463 0.7236218 0.0364551 -0.6991679 1.0932518
0.2222323 0.2661789 0.7750330 0.4806409 -0.2218832 0.9260581
0.2385556 0.2081483 0.8064340 0.2152049 0.0728393 0.8715547
0.2872649 0.3961971 0.6939501 0.4157285 0.1070419 0.8655553
0.4487676 -0.1739027 0.9704127 0.5424807 -0.0501564 0.8748478
0.5843884 -0.1071775 0.9306959 -0.1269915 -0.1768675 0.9967004
0.0010553 -0.2094259 0.9830543 -0.1727686 -0.2887346 0.9937739
-0.3356728 -0.1532358 0.9588038 -0.2241940 -0.1431423 0.9370580
-0.1655233 -0.0734292 0.9280734 -0.0005631 -0.4285108 0.9690880
-0.1324413 -0.1369158 0.9603131 -0.0902691 -0.2991315 0.9904789
-0.0518262 -0.0186232 0.8884939 0.2313235 -0.3169478 0.9353870
-0.5146509 -0.1469119 0.9536217 0.0026307 -0.3989967 1.0172316
0.2005409 0.4037696 0.7010059 -0.0849585 -0.0560124 0.8830265
0.2416890 0.3486579 0.7410975 0.1207498 0.0305412 0.8845152
0.2894533 0.0804485 0.8584844 0.2471177 -0.7773507 1.0886947
0.5156132 0.2244207 0.7894682 0.2396594 -0.7283944 1.0798692
0.4598200 0.2458115 0.7759293 0.5538949 -0.6271501 0.9557550
0.5580385 0.1490884 0.8206932 0.4674469 -0.9141476 1.1131434
0.3968145 0.0687795 0.8596793 0.4696596 -0.7659303 1.0709541
0.4671092 0.1816450 0.8086525 0.3997269 -0.9689849 1.1212723
0.5024389 0.0938530 0.8510259 0.2587893 -0.8369331 1.1066290
0.4703358 0.0744382 0.8543860 0.4117985 -0.8731172 1.1068137
0.3415197 0.1092069 0.8423134 0.4070449 -0.8769554 1.1066617
0.4106948 0.1195352 0.8184949 0.4299811 -0.7802493 1.0805496
0.3901863 0.0894220 0.8535262 0.3983393 -0.7266248 1.0667598
0.4295064 0.3024369 0.7513073 0.3174881 -0.9306154 1.1276928
0.4144867 0.3010353 0.7547852 0.3326002 -0.8697792 1.1130962
0.5414955 0.0917777 0.8475224 0.2791766 -0.9100608 1.1339310
0.5204657 0.0786402 0.8529991 0.3116148 -0.7802146 1.0870850
0.4144269 0.2190357 0.7905632 0.3137607 -0.8440849 1.1052803
0.4866897 0.3028219 0.7507399 0.2688631 -0.8708982 1.1120107
0.4484885 -0.1739466 0.9684449 0.2783535 -0.8250053 1.1026808
0.3833939 -0.1991611 0.9790704 0.5306874 -0.7973821 1.0683454
0.4584694 -0.0361099 0.9086974 0.3618177 -0.9700484 1.1152796
0.3965871 -0.0318587 0.9084756 0.3267960 -0.9713361 1.1342741
0.5420693 -0.0815875 0.9271873 0.2825842 -1.0187417 1.1529896
-0.0001726 -0.2100210 0.9847460 0.3099885 -0.9503446 1.1244969
0.2226321 -0.1478136 0.9672472 0.4347227 -0.8188698 1.0895866
0.3210683 -0.2223731 0.9887807 0.3671362 -0.8524254 1.0999917
0.1122164 -0.0417923 0.9169804 0.2864243 -1.0813971 1.1761012
0.2460787 0.0440517 0.8695038 0.5501510 -0.8683788 1.0930473
0.2237877 -0.0723751 0.9301337 0.2665674 -0.6987379 1.0692948
-0.1037399 0.1877027 0.7942303 0.5151010 -0.6241823 1.0251558
-0.2506862 -0.0514227 0.9183954 0.5298390 -0.6956488 1.0786823
-0.1904247 -0.1380576 0.9623746 -0.0699421 -0.8895487 1.1591593
-0.0887357 -0.1714131 0.9684153 0.1379831 -0.8593531 1.1269454
-0.0510976 -0.0206478 0.8920801 0.1243780 -1.0129189 1.1665045
-0.3738151 -0.0089058 0.8795693 -0.0480565 -0.5680451 1.0691233
-0.4134105 -0.0366927 0.9110140 -0.2119991 -0.4994931 1.0657368
-0.4586225 -0.1096808 0.9326982 -0.0410405 -0.5637841 1.1565673
-0.0167825 0.4005845 0.7011781 0.1250389 -0.7434001 1.0870351
0.5336601 0.0376523 0.8445606 0.5171899 0.0749117 0.8515853
0.4131959 0.2177728 0.7945095 0.5495879 -0.1729676 0.9074273
0.3916469 0.1617606 0.8196626 -0.0914429 -0.2034615 0.9641730
0.3245176 0.1347947 0.8339123 -0.1010471 0.0854374 0.8610026
0.3357269 0.0984629 0.8476912 -0.1235204 -0.0220738 0.9139398
0.4713933 0.0717763 0.8579503 0.2628250 -0.9490408 1.1203640
0.4360422 0.0676496 0.8618147 0.2060256 -1.0054281 1.1589942
0.4162578 0.1116447 0.8423004 0.4078466 -0.8754885 1.1037080
0.3872408 0.1209251 0.8445814 0.4345794 -0.8166149 1.0875736
0.3890506 0.0886934 0.8556761 0.2737673 -0.7689751 1.0882580
0.4337071 0.2399785 0.7895758 0.2907996 -0.9047593 1.1109705
0.4157353 0.2584873 0.7758622 0.2756219 -0.8733233 1.1017265
0.5561756 0.1090691 0.8415582 0.3122231 -0.8465171 1.1055773
0.5391788 0.0901289 0.8477074 0.3162655 -0.8130527 1.0960522
0.5117475 0.0590583 0.8561890 0.3054262 -0.8174381 1.0543044
0.2204809 0.2658016 0.7756884 0.5292777 -0.7911088 1.0791359
-0.0776257 0.1795101 0.7993601 0.4675124 -0.8261670 1.0841118
0.2009394 0.4024223 0.7017250 0.5828886 -0.3908341 0.9751661
0.1366401 0.4177359 0.7076221 0.1733929 0.0423709 0.8672729
-0.0562920 -0.0741524 0.9200991 0.0016461 0.0930170 0.9467286
-0.0866615 -0.0218202 0.9042755 0.4234706 0.0899068 0.8507083
-0.1922748 -0.1414915 0.9678205 0.5841458 -0.4964348 0.9955004
0.5290120 -0.1551835 0.9579069 0.0326912 -1.0210676 1.1797805
0.4497378 -0.1778135 0.9768935 -0.0532331 -0.4118823 1.0188894
0.3593926 -0.2392874 0.9978859 -0.1816247 -0.3985108 1.0213550
0.3289913 -0.1075564 0.9406807 -0.1102507 -0.0308559 0.9029253
0.2533337 -0.1001882 0.9509854 0.0196211 -0.7317283 1.1000731
-0.4143134 -0.0359551 0.9097716 0.2524327 -0.8489054 1.1179616
0.0869741 -0.1060842 0.9425904 0.2625186 -0.6982991 1.0765606
0.0684193 -0.1001236 0.9395357 0.3973315 -0.9691034 1.1253544
0.3629194 0.3019421 0.7534506 0.4636350 -0.8299025 1.0894822
0.2454484 0.0431571 0.8714908 0.4739189 -0.8045464 1.0807353
0.6266940 -0.0100078 0.8883452 0.3252560 -0.9670506 1.1320251
0.4500851 0.0589586 0.8671467 0.2844467 -0.9694427 1.1359504
0.4895381 0.3098224 0.7542604 0.1441984 0.0908192 0.9150048
0.1109063 -0.0443298 0.9185426 0.6292402 -0.9240659 0.9326863
0.4298746 0.2399742 0.7754095 0.5436370 -0.0485559 0.8718158
0.5439144 0.0656176 0.8606246 -0.1541387 -0.3513944 1.0068350
0.5303200 0.0563037 0.8584839 0.0340732 -1.0214576 1.1777999
-0.0623644 -0.0309534 0.9211146 -0.0898775 -0.2951408 0.9919296
-0.0927716 -0.1725919 0.9707422 -0.1706149 0.1161114 0.8975710
-0.1686703 -0.0722714 0.9279634 -0.0794978 0.0167921 0.8955047
-0.1893045 -0.1406662 0.9598390 0.4027573 0.0367079 0.8117821
-0.3327546 -0.1542304 0.9611142 0.2210998 0.0655014 0.8645135
0.2001519 0.4016820 0.7082340 -0.1406784 -0.6051474 1.0828434
0.1374823 0.4161224 0.6958610 -0.1242018 -0.8750741 1.1599779
