2228
-0.607828 -0.370323 0.924371 
-0.232883 -0.210314 0.955820 
0.527662 -0.745576 1.062102 
0.516279 -0.749036 1.063389 
0.624738 -0.181793 0.935595 
-0.250736 -0.630778 1.022396 
-0.265215 -0.786078 1.086978 
-0.312281 -0.669655 1.033838 
-0.261416 -0.664701 1.034748 
0.308693 -0.759573 1.082979 
0.276733 -0.790079 1.093426 
-0.618214 -0.646553 1.062403 
-0.204996 -0.600662 1.070912 
-0.300713 -0.480120 1.037305 
-0.315342 -0.465318 1.028056 
-0.659619 -0.756005 1.117096 
-0.327641 -0.594308 1.038247 
-0.298743 -0.510107 1.034845 
-0.305625 -0.538161 1.038317 
0.249933 -0.307041 0.934539 
-0.251874 -0.550149 1.049697 
-0.261050 -0.554962 1.047632 
-0.433415 -0.422311 0.980139 
-0.432552 -0.513292 1.019177 
-0.611959 -0.573303 0.998285 
-0.048037 -0.408788 1.017024 
-0.367265 -0.355282 1.036003 
-0.178901 -0.686517 1.116536 
-0.423649 -0.080965 0.955663 
-0.595303 0.001820 0.922225 
-0.550554 -0.214727 0.936789 
-0.515070 -0.182698 0.941271 
-0.236890 0.021173 0.918468 
-0.169902 -0.288817 0.990830 
-0.130924 -0.147800 0.949310 
-0.314992 -0.238232 0.976956 
-0.261899 -0.265139 0.973105 
0.264911 -0.343860 0.934836 
-0.029521 -0.549293 1.057106 
0.186674 -0.694054 1.066862 
0.129632 -0.705762 1.085810 
-0.004092 -0.616870 1.065542 
0.559051 -0.446359 0.971384 
0.634640 -0.515542 1.001663 
0.522178 -0.340083 0.957042 
0.584421 -0.393146 0.970413 
0.658546 -0.309070 0.937355 
0.598203 -0.330564 0.948716 
0.696359 -0.744300 1.060643 
0.690473 -0.599146 1.025533 
0.423547 -0.775339 1.077786 
0.467296 -0.771589 1.072648 
0.541984 -0.050037 0.873793 
0.573056 -0.254210 0.928963 
0.562785 -0.104694 0.886557 
-0.447840 0.023966 0.900021 
-0.449253 -0.262050 0.906710 
-0.617136 -0.645056 1.061054 
-0.695875 -0.717147 1.134429 
-0.698865 -0.715190 1.115817 
-0.305162 -0.654348 1.011399 
-0.406807 -0.352690 0.830068 
-0.445776 -0.418253 0.897797 
-0.418088 -0.259590 0.706653 
-0.499839 -0.287276 0.865892 
-0.329596 -0.598738 1.045981 
-0.265177 -0.673076 1.047656 
-0.757614 -0.608846 1.101505 
-0.444057 -0.306083 0.827075 
0.262446 -0.311178 0.935821 
-0.383754 -0.175600 0.963263 
-0.181639 -0.403861 1.022909 
-0.033779 -0.297682 0.986689 
-0.058984 -0.064894 0.895598 
-0.144437 -0.062924 0.934350 
-0.136632 -0.447052 1.031527 
0.542738 -0.024009 0.850827 
-0.569793 -0.304619 0.877161 
-0.658218 -0.386422 0.906861 
-0.556343 -0.499064 0.937331 
-0.383154 -0.644420 0.960504 
-0.238732 -0.456702 1.038346 
-0.321388 -0.472415 1.043386 
-0.723172 -0.676534 1.118486 
0.359087 -0.743554 1.073962 
-0.668655 -0.691281 1.091184 
-0.274154 -0.633783 1.091700 
-0.307447 -0.537429 1.038033 
-0.240274 -0.557059 1.050364 
-0.363277 -0.351624 1.025054 
-0.237671 0.020883 0.919377 
-0.132889 -0.147965 0.952968 
-0.515314 -0.182353 0.942161 
-0.419868 0.030554 0.925964 
0.373184 0.036615 0.771247 
-0.423349 -0.081686 0.954561 
-0.447249 -0.261917 0.902751 
-0.422207 -0.161469 0.969247 
-0.285588 -0.037272 0.936672 
0.483784 -0.221924 0.891540 
0.468257 -0.765249 1.068214 
-0.526170 -0.207077 0.897750 
-0.626900 -0.418508 0.917276 
-0.700397 -0.121079 0.981761 
-0.746477 -0.600888 1.086053 
-0.614490 -0.373252 0.931743 
0.578909 -0.232984 0.921412 
-0.204578 -0.601604 1.071324 
-0.177441 -0.683936 1.113046 
-0.447268 -0.630428 0.949291 
-0.552247 -0.495058 0.930118 
-0.429543 -0.514428 1.024777 
-0.538885 -0.065752 0.921359 
-0.217660 -0.646920 1.065375 
-0.724366 -0.524968 1.018318 
-0.493702 -0.468520 0.883352 
-0.541125 -0.528993 0.939432 
-0.609437 -0.651200 1.054160 
-0.218950 -0.341187 1.013077 
0.584467 -0.393957 0.966284 
-0.127637 -0.026002 0.922121 
-0.145782 -0.063657 0.932482 
0.027039 -0.527035 1.033419 
-0.384345 -0.246357 0.994590 
-0.032355 -0.297218 0.984690 
0.564144 -0.102199 0.884682 
-0.514302 -0.181236 0.941191 
-0.240745 -0.117692 0.952940 
0.570257 -0.578278 0.986464 
0.596417 -0.484432 0.944058 
-0.413277 -0.337501 0.953487 
0.239830 -0.728057 1.079356 
-0.773704 -0.573290 1.039390 
-0.469232 -0.646910 1.084343 
-0.465482 -0.591532 0.963827 
-0.403755 -0.631910 0.955582 
0.273722 -0.768963 1.088269 
-0.655125 -0.384716 0.902743 
-0.325780 -0.596676 1.034885 
-0.207171 -0.606650 1.079178 
-0.268297 -0.765609 1.088056 
-0.307262 -0.535568 1.034602 
-0.608737 0.001722 0.940014 
-0.380280 -0.453698 1.041601 
-0.304685 -0.537048 1.054806 
-0.302708 -0.510290 1.040138 
-0.580770 -0.625684 1.010025 
0.542402 -0.615080 1.012246 
-0.135589 -0.146988 0.951940 
0.620123 -0.451078 0.980076 
-0.433683 -0.600362 1.004594 
-0.057413 -0.066949 0.893301 
0.028758 -0.422327 0.999611 
-0.209781 -0.064468 0.925812 
0.493146 -0.166757 0.905855 
-0.434688 -0.245279 0.954810 
-0.420192 0.026589 0.926159 
-0.518070 -0.182788 0.946262 
0.122906 -0.672786 1.039224 
0.578650 -0.231962 0.920037 
-0.429173 -0.349162 0.985101 
-0.423921 -0.331193 0.864223 
-0.752991 -0.606318 1.093524 
-0.670921 -0.393063 0.923020 
-0.496710 -0.521807 1.027792 
-0.612566 -0.575969 1.000358 
-0.275109 -0.638076 1.097674 
0.017569 -0.618294 1.069352 
-0.147148 0.055824 0.900195 
-0.698548 -0.121173 0.981345 
-0.051394 -0.611903 1.070015 
0.628046 -0.510652 0.999842 
-0.499568 -0.525190 1.034608 
-0.561280 -0.073141 0.955189 
-0.747610 -0.602313 1.084798 
-0.545653 -0.213593 0.929802 
-0.234222 -0.225881 0.956591 
-0.264406 -0.266444 0.973631 
0.515023 -0.290995 0.940031 
0.522702 -0.297956 0.960136 
-0.329419 0.012501 0.925752 
-0.210524 -0.612370 1.088403 
0.642301 -0.262588 0.976067 
-0.511525 -0.319496 0.877688 
-0.445991 -0.308019 0.826840 
-0.257452 -0.709525 1.027870 
-0.260485 -0.559595 1.052911 
0.572179 -0.456177 0.980943 
-0.085617 0.021654 0.901464 
-0.437809 -0.286847 1.018774 
-0.422200 -0.084844 0.954925 
-0.591765 -0.400069 1.071623 
-0.524673 -0.384882 0.975413 
0.122546 -0.672831 1.037608 
0.482265 -0.106436 0.895536 
-0.490894 0.048341 0.921147 
-0.522102 0.004640 0.937310 
0.238258 -0.725666 1.075460 
-0.051857 -0.612331 1.065762 
-0.237693 -0.111955 0.944960 
-0.206294 -0.603227 1.070751 
-0.235319 -0.226409 0.961830 
-0.449154 -0.622246 1.045285 
-0.639158 -0.585876 1.026256 
-0.377005 -0.453726 1.039523 
-0.655173 -0.679591 1.069436 
-0.612247 -0.632249 0.982374 
0.244603 -0.311804 0.935002 
-0.150695 -0.065434 0.934915 
-0.430216 -0.279227 1.000433 
-0.078606 -0.494653 1.042806 
-0.031292 -0.299241 0.988079 
-0.310375 -0.486825 1.038104 
-0.268009 -0.271194 0.983787 
-0.737314 -0.595905 1.070078 
-0.479658 -0.660858 1.110496 
-0.236567 -0.646377 1.011251 
-0.320228 -0.535510 1.040675 
0.626572 -0.514059 1.005456 
-0.502180 -0.177238 0.922097 
-0.610832 0.000338 0.935520 
-0.054333 -0.415902 1.017081 
-0.523242 0.000726 0.939186 
0.521772 -0.615790 1.009440 
-0.657724 -0.362057 0.911908 
0.544022 -0.232633 0.919387 
0.366754 -0.768627 1.080089 
-0.232270 -0.198062 0.946340 
-0.044622 -0.736622 1.115081 
-0.076122 -0.501455 1.042804 
-0.153221 -0.675949 1.204159 
-0.420408 -0.358915 0.971741 
-0.348538 -0.574576 0.988620 
-0.661471 -0.363439 0.916834 
0.319971 -0.756486 1.082191 
-0.266527 -0.269855 0.987623 
-0.520946 -0.167432 0.945174 
-0.195091 -0.670735 1.054542 
0.660567 -0.308021 0.936707 
-0.593678 -0.483507 0.928578 
-0.703773 -0.721551 1.123175 
0.080001 -0.005495 0.892590 
0.522619 -0.337405 0.947994 
0.139954 -0.696617 1.079331 
0.260373 -0.344487 0.948612 
-0.215883 -0.676649 1.056453 
-0.689451 -0.533209 0.956682 
-0.414968 -0.356686 0.841790 
-0.452957 -0.424163 0.910700 
0.213816 -0.754672 1.087444 
0.676110 -0.719769 1.026245 
0.019441 -0.731965 1.100450 
-0.172501 -0.288649 0.993537 
-0.051592 -0.613448 1.076434 
-0.281625 -0.036853 0.931244 
-0.708387 -0.620134 1.072971 
0.515643 -0.635410 1.039471 
-0.407349 -0.301159 0.915166 
-0.788594 -0.633860 1.140384 
-0.123098 -0.373500 1.012185 
-0.457620 -0.341591 0.865462 
-0.725998 -0.557155 0.999997 
-0.277098 -0.637582 1.099425 
0.298584 -0.770006 1.085648 
0.018811 -0.431571 1.027905 
-0.463234 -0.345289 0.874526 
-0.349161 -0.612380 0.994390 
-0.339320 -0.517886 1.025610 
-0.489616 0.052754 0.923839 
-0.295057 -0.528914 1.034012 
-0.266231 -0.760165 1.082120 
-0.291613 -0.128502 0.937356 
-0.447527 -0.247311 0.978132 
-0.479394 -0.275645 0.832525 
-0.746039 -0.600570 1.084650 
0.111398 0.026269 0.884536 
0.060397 0.015159 0.857126 
-0.219627 -0.046041 0.933602 
-0.406570 -0.052474 0.944637 
-0.691428 -0.712347 1.124773 
-0.176372 -0.663780 1.087228 
-0.433168 -0.383787 1.013848 
-0.291810 -0.622007 0.960202 
-0.553959 -0.497136 0.934062 
-0.530002 -0.519502 0.922751 
0.612130 -0.048144 0.856827 
0.085191 -0.644292 1.068365 
-0.632201 -0.043432 0.963977 
-0.376832 -0.454474 1.036330 
-0.353143 -0.456719 1.051359 
0.518569 -0.145348 0.903662 
0.266523 -0.698681 1.069231 
-0.115798 -0.215007 0.972679 
-0.377730 -0.621650 0.952031 
0.265374 -0.345921 0.941146 
-0.630394 -0.436490 0.941426 
-0.467994 -0.292384 0.808342 
0.298646 -0.770873 1.085173 
0.266091 -0.698725 1.069150 
0.292555 -0.338765 0.937206 
-0.644714 -0.231614 0.954661 
-0.348381 -0.008898 0.930886 
-0.456430 -0.335123 0.852111 
0.264133 -0.321531 0.938061 
0.519870 -0.147360 0.903543 
0.633819 -0.514793 1.001780 
-0.544679 -0.490195 0.918987 
-0.558049 -0.126687 0.912561 
-0.188409 -0.629119 1.088417 
0.512686 -0.580115 0.950852 
-0.463925 -0.591354 0.966206 
-0.616570 -0.367080 0.932243 
-0.499308 -0.313103 0.857332 
0.571344 -0.256372 0.928631 
-0.462349 -0.279807 0.907867 
0.239617 -0.728389 1.079920 
0.578591 -0.233643 0.922532 
0.029649 -0.529892 1.042379 
-0.270601 -0.821112 1.143480 
0.625706 -0.456436 0.985669 
0.239276 -0.726147 1.076419 
-0.046019 -0.403302 0.999554 
-0.455560 -0.587001 0.963226 
-0.341511 -0.564871 0.972233 
0.028264 -0.532861 1.046372 
-0.230874 -0.210182 0.951527 
0.479311 -0.808689 1.081964 
0.633074 -0.167338 0.896478 
-0.637766 -0.425344 0.931709 
-0.304710 0.069405 0.908584 
-0.397676 -0.623257 0.941546 
-0.233149 0.004651 0.908343 
-0.120840 -0.368542 1.006427 
-0.076160 -0.775105 1.118828 
-0.531819 -0.282948 0.818732 
0.321884 -0.764657 1.082542 
-0.550612 -0.213607 0.919016 
-0.609718 -0.654444 1.056419 
-0.441252 -0.306232 0.817147 
-0.225712 -0.052429 0.932485 
0.701976 -0.474278 0.981554 
-0.423684 -0.312498 0.946865 
-0.312091 -0.655829 1.009258 
-0.682123 -0.512278 0.997628 
-0.446005 -0.363098 0.885768 
-0.631850 -0.421839 0.924093 
0.257817 -0.339105 0.935957 
-0.240261 -0.119808 0.951829 
0.702263 -0.787236 1.036851 
-0.603876 -0.643979 1.044054 
-0.306287 -0.538399 1.038479 
-0.187411 -0.625301 1.084998 
-0.420308 -0.582622 0.974064 
-0.730038 -0.669129 1.121832 
-0.664829 -0.757128 1.121914 
0.701485 -0.474398 0.980467 
-0.467635 0.024229 0.936010 
-0.214985 -0.665572 1.042899 
-0.338905 -0.560745 0.965975 
-0.223414 -0.229267 0.977390 
-0.630987 -0.228047 0.935238 
-0.197603 -0.674106 1.060125 
-0.436151 -0.327764 0.830289 
0.520171 -0.150168 0.906836 
-0.519304 -0.168183 0.946457 
-0.181388 -0.401078 1.020541 
-0.047449 -0.709247 1.093956 
0.637036 -0.783138 1.069192 
0.423506 -0.774842 1.077289 
-0.396042 -0.542137 1.067752 
0.701422 -0.615508 1.045584 
-0.713978 -0.681836 1.108473 
-0.181988 -0.398823 1.022036 
0.817675 -0.384081 1.176462 
-0.447722 -0.443159 0.896375 
0.255164 -0.328102 0.940853 
0.552202 -0.627037 1.034004 
-0.305209 -0.299825 0.987586 
0.634583 -0.579185 1.006713 
-0.632941 -0.364063 0.947066 
0.434704 -0.818612 1.089229 
-0.532754 0.054760 0.926977 
0.399878 -0.749955 1.072616 
-0.083847 0.024609 0.897747 
-0.526134 -0.310478 0.865615 
0.397570 -0.726685 1.065772 
0.387287 -0.740048 1.070112 
0.575094 -0.459592 0.996779 
0.550874 -0.255089 0.928821 
-0.301196 -0.481199 1.035315 
-0.182682 -0.399602 1.021550 
-0.209008 -0.066023 0.934096 
-0.307820 -0.296030 0.981004 
-0.568648 -0.300677 0.872579 
-0.333773 -0.609681 1.057953 
0.259067 -0.343242 0.938211 
-0.024699 -0.295686 0.970858 
0.552067 -0.255286 0.930352 
-0.422207 -0.312051 0.945095 
-0.275598 -0.135124 0.946679 
-0.121778 -0.364459 1.008838 
-0.223235 -0.690817 1.078364 
0.756045 -0.811604 1.159725 
-0.224070 -0.232928 0.982356 
-0.305355 -0.652960 1.011128 
0.525423 -0.748345 1.062958 
-0.041840 -0.729972 1.094880 
-0.361986 -0.496844 0.981143 
-0.329624 0.010081 0.926195 
-0.489576 -0.136095 0.988861 
-0.302082 -0.231247 0.941143 
0.481340 -0.099431 0.889998 
-0.176225 -0.290951 0.993156 
-0.255045 -0.208286 0.953857 
-0.150189 0.056541 0.899752 
0.585696 -0.497035 0.993919 
-0.214833 -0.675885 1.056418 
-0.382451 -0.244250 0.990247 
-0.315498 -0.540895 1.044265 
0.623376 -0.453987 0.988076 
-0.135463 -0.614146 1.075343 
0.534731 -0.813805 1.079750 
0.476032 -0.186132 0.881650 
-0.239226 -0.550208 1.035935 
0.549641 -0.173764 0.906758 
-0.076917 -0.500129 1.044281 
-0.058739 -0.059551 0.906495 
0.463572 -0.829901 1.089440 
0.014828 -0.731896 1.099487 
-0.286713 -0.128639 0.933671 
-0.455459 -0.376001 0.882932 
-0.219096 -0.343162 1.014621 
-0.420783 -0.388817 0.976646 
-0.232315 -0.213674 0.955912 
0.286780 -0.775123 1.088572 
0.549101 -0.172857 0.906999 
-0.517709 0.005361 0.933151 
-0.337961 -0.500920 1.004265 
0.017895 -0.620640 1.073381 
-0.473569 -0.327191 0.844971 
0.398235 -0.726594 1.066728 
0.482166 -0.097562 0.888233 
-0.209387 -0.607695 1.081028 
-0.429189 -0.407832 0.863550 
-0.405871 -0.349133 0.817987 
0.519803 -0.338856 0.940080 
0.186854 -0.693315 1.066870 
-0.122324 0.099035 0.883908 
-0.445172 0.138553 0.895896 
0.247081 -0.777321 1.088688 
-0.432055 -0.358429 0.841055 
0.397631 -0.727043 1.065896 
-0.149810 -0.348938 1.005593 
0.498316 -0.169517 0.906607 
-0.515612 -0.182435 0.942299 
0.270313 -0.332005 0.890696 
0.498665 -0.169670 0.915545 
0.557611 -0.281883 0.933360 
-0.421970 -0.086915 0.954274 
-0.193756 -0.096608 0.944691 
-0.696670 -0.141635 0.992754 
-0.677455 -0.201170 0.935975 
-0.707227 -0.105756 0.974510 
-0.242712 0.133845 0.916550 
0.624380 -0.453614 0.983392 
0.537037 -0.634421 1.040810 
0.130764 0.009554 0.894297 
-0.250025 0.181302 0.873762 
-0.252528 0.185710 0.872628 
-0.128907 0.101013 0.885643 
-0.481791 0.102410 0.904732 
-0.449778 -0.298724 1.053334 
-0.138871 -0.443492 1.030832 
-0.153111 -0.353542 1.002939 
-0.126670 -0.023715 0.919671 
-0.058197 -0.719154 1.101611 
-0.457227 -0.407675 1.028883 
-0.477696 -0.316901 0.864010 
-0.401386 -0.321377 1.005995 
0.076631 0.020567 0.873259 
-0.266858 -0.270273 0.981993 
-0.216087 0.109489 0.899185 
0.039356 -0.579222 1.060963 
-0.448661 -0.401594 1.014768 
-0.040477 -0.595178 1.036136 
-0.330438 0.208823 0.870452 
0.143464 -0.695962 1.068016 
0.559790 -0.275679 0.933667 
0.282843 -0.318513 0.900286 
-0.505403 -0.282537 0.860816 
-0.449125 0.142109 0.897325 
-0.471680 -0.376033 0.888021 
0.364058 -0.810077 1.091742 
-0.529558 -0.260607 0.831335 
0.585939 -0.395228 0.971035 
0.231463 -0.348319 0.960651 
0.522294 -0.339562 0.951083 
0.630540 -0.123332 0.899278 
-0.395672 0.301541 0.897044 
-0.365217 0.283719 0.857972 
-0.356889 0.041519 0.913304 
0.030117 -0.577694 1.060910 
-0.435587 -0.365741 0.867827 
-0.735346 -0.162559 0.905733 
0.433443 -0.817772 1.089878 
-0.646549 -0.276487 0.887592 
-0.691752 -0.143231 0.904589 
-0.672908 -0.106181 0.936841 
0.005782 -0.396864 1.009957 
-0.440475 -0.272530 0.864300 
-0.766451 -0.229865 0.929556 
0.462317 -0.829931 1.090063 
-0.381246 0.175591 0.888328 
0.033968 -0.577736 1.060970 
0.516944 -0.748526 1.063946 
-0.488123 -0.322870 0.873635 
0.525718 -0.619048 1.016231 
0.447737 -0.094001 0.858509 
-0.273971 -0.535126 1.080006 
-0.414920 0.021890 0.917817 
0.001285 -0.322442 0.966972 
-0.409888 -0.344483 0.949669 
0.288130 -0.778680 1.089207 
-0.053289 -0.411903 1.019003 
0.387367 -0.742361 1.072031 
-0.024128 -0.290949 0.963713 
0.077389 0.019673 0.870338 
0.259204 -0.310067 0.933833 
-0.378807 0.178661 0.887800 
0.263904 -0.346293 0.944819 
-0.057965 -0.059742 0.906283 
-0.734894 -0.180959 0.914346 
-0.377810 0.224463 0.869496 
-0.220182 -0.045444 0.933647 
0.238564 -0.816579 1.100247 
0.277705 -0.825949 1.103722 
0.361508 -0.826214 1.097804 
-0.400783 -0.320686 1.004341 
-0.676554 -0.200902 0.935221 
-0.650327 -0.279500 0.891544 
-0.231902 -0.541585 1.028240 
-0.393042 0.300904 0.892976 
-0.353479 0.257836 0.914678 
-0.401813 0.306107 0.904302 
0.512502 -0.313440 0.954371 
-0.371118 0.286510 0.863233 
0.079605 -0.644380 1.070513 
-0.012105 -0.331322 0.994388 
0.587888 -0.592905 1.038254 
-0.387612 0.178498 0.894037 
-0.329140 0.009548 0.925586 
-0.422336 -0.083142 0.963121 
-0.229145 0.128620 0.891975 
0.314279 -0.815274 1.097065 
0.077867 -0.009896 0.857562 
0.370201 -0.825979 1.096253 
0.240933 -0.818547 1.101110 
-0.381238 -0.459695 1.045358 
0.313662 -0.844211 1.105469 
-0.627195 -0.272502 0.871396 
0.312168 -0.846557 1.105642 
0.664125 -0.306290 0.934958 
0.073440 -0.645316 1.075973 
0.590885 -0.402203 0.976060 
-0.125051 -0.425667 0.998240 
-0.757114 -0.241479 0.920770 
0.480916 -0.810506 1.084081 
-0.171729 -0.603323 1.048132 
-0.696471 0.010879 0.958276 
-0.215799 0.136095 0.889792 
-0.326848 -0.336465 0.969609 
-0.369458 0.286701 0.860774 
-0.496325 0.102558 0.917323 
-0.702153 -0.255480 0.940995 
0.362119 -0.810852 1.093872 
0.451915 -0.100907 0.876166 
0.470662 -0.861848 1.098601 
-0.363368 0.006358 0.932238 
0.536450 -0.212834 0.916378 
0.265177 -0.696832 1.067112 
0.311708 -0.780509 1.087576 
0.274730 -0.792635 1.095312 
0.407056 -0.876939 1.106628 
0.368198 -0.859960 1.102647 
-0.393698 -0.252944 1.005755 
-0.213359 -0.062308 0.938109 
0.142383 -0.696288 1.066434 
0.482870 -0.219209 0.892434 
0.313128 -0.748490 1.078891 
0.518489 -0.759748 1.065474 
0.357488 -0.744541 1.073103 
0.276553 -0.791052 1.092971 
-0.052309 -0.550059 1.052511 
-0.328226 -0.057336 0.940735 
0.289368 -0.314561 0.938642 
0.437631 -0.820204 1.098370 
-0.238970 -0.206048 0.961768 
0.516017 -0.631966 1.036142 
0.365903 -0.846124 1.101138 
0.186520 -0.693897 1.066499 
-0.252402 -0.552903 1.029500 
0.315594 -0.812297 1.096958 
0.507523 -0.305007 0.933910 
0.329159 -0.820328 1.094724 
-0.303123 -0.484282 1.044683 
-0.429349 -0.166432 0.984367 
-0.222195 0.110624 0.902050 
0.036396 -0.699236 1.093535 
-0.200063 -0.503297 0.932781 
0.475216 -0.826887 1.086042 
-0.194882 0.127286 0.877922 
0.266263 -0.321029 0.936744 
0.631500 -0.512830 0.998584 
0.534305 -0.212469 0.918323 
0.632994 -0.515803 1.005954 
0.516630 -0.669627 1.094385 
0.267740 -0.760592 1.085341 
0.521517 -0.333881 0.949565 
0.479543 -0.201249 0.911420 
0.037524 -0.023148 0.894182 
-0.625574 -0.042228 0.952344 
0.324410 -0.795891 1.090887 
-0.036595 -0.355941 1.005695 
-0.238305 0.279108 0.858457 
0.450381 -0.107084 0.872609 
0.237810 -0.820948 1.106786 
0.317388 -0.930782 1.127824 
0.268663 -0.872652 1.117798 
0.267360 -0.762588 1.083970 
0.284805 0.056580 0.850032 
0.047142 -0.008679 0.911896 
0.322763 -0.776892 1.087032 
0.364069 -0.827195 1.096897 
0.499008 -0.170125 0.906408 
-0.061697 0.021628 0.866639 
0.267191 -0.873078 1.117413 
0.476869 -0.189000 0.887328 
-0.255959 -0.266803 0.962659 
0.279513 -0.823293 1.101434 
-0.117018 0.215908 0.834004 
0.243779 -0.776452 1.091884 
0.274074 -0.910463 1.124359 
0.569347 -0.552840 0.990153 
0.231244 -0.316882 0.935100 
0.542560 -0.232758 0.917141 
0.276637 -0.913581 1.128468 
0.365755 -0.860619 1.105543 
0.622154 -0.452186 0.982774 
0.297219 -0.817382 1.099307 
-0.230388 0.271721 0.846083 
0.137126 0.042410 0.913905 
0.429907 -0.780169 1.080427 
-0.190687 -0.096954 0.942789 
-0.060067 -0.059514 0.912099 
-0.281724 -0.031788 0.933160 
0.319230 -0.941784 1.129663 
0.376059 -0.889788 1.110291 
-0.195736 0.267954 0.818921 
0.497300 -0.169045 0.908133 
0.282060 0.055877 0.856928 
-0.010296 -0.333056 0.996833 
0.297006 -0.818720 1.099939 
0.399556 0.036432 0.834074 
0.398714 0.036526 0.832136 
0.339026 0.090726 0.816367 
0.333946 0.097769 0.822358 
0.634436 -0.166000 0.896853 
0.402012 0.036724 0.811573 
0.393269 0.079937 0.819745 
0.483725 -0.208641 0.878239 
-0.166178 0.288506 0.832818 
0.702245 -0.319385 0.925713 
0.683066 -0.249704 0.919779 
-0.243527 -0.227003 0.966812 
0.234614 -0.709671 1.073751 
-0.238885 -0.226423 0.962241 
-0.325078 0.242289 0.870481 
-0.328791 0.015540 0.925553 
-0.117140 -0.310594 1.033575 
0.369493 -0.843059 1.097776 
-0.087292 -0.022286 0.918189 
0.126986 0.059690 1.075866 
-0.283248 -0.218352 1.004907 
0.560326 -0.284557 0.934233 
0.523276 -0.407413 0.961310 
-0.504610 0.188993 0.883384 
-0.567953 0.167537 0.891692 
0.728043 -0.361485 0.930501 
0.208469 -0.698871 1.075590 
0.581837 -0.196625 0.904389 
0.388315 0.079667 0.847216 
0.366174 -0.825190 1.095215 
0.371542 -0.841455 1.093017 
0.682170 -0.381483 0.929778 
0.665602 -0.341900 1.042861 
0.263764 -0.336249 0.951204 
0.408616 0.033541 0.844968 
0.469531 -0.765829 1.070765 
-0.356997 0.278632 0.851571 
-0.144457 0.313532 0.798808 
0.315296 -0.854235 1.107526 
-0.205367 -0.215835 0.959426 
0.286923 0.046390 0.850770 
0.635229 -0.166502 0.897244 
0.035669 -0.577474 1.061922 
0.391540 0.195831 0.806497 
0.484510 0.109496 0.821081 
0.436632 0.125954 0.824569 
0.618538 -0.052316 0.866031 
0.391365 0.195421 0.805176 
0.436594 0.125245 0.822979 
0.389756 0.195769 0.805899 
0.425936 0.074584 0.840514 
0.732776 -0.209728 0.902601 
0.618469 -0.054249 0.862917 
0.731338 -0.211968 0.903815 
0.388387 0.193746 0.803032 
0.431216 0.124429 0.828888 
0.559875 -0.279255 0.923244 
-0.049270 -0.245129 0.986785 
0.630960 -0.168189 0.893364 
0.423355 0.072933 0.842861 
-0.270194 0.137031 0.937946 
0.375752 -0.909267 1.113993 
0.237402 -0.727225 1.080109 
0.273022 -0.348992 0.943344 
-0.446798 0.234065 0.877665 
0.701970 -0.477791 0.983078 
0.587509 -0.562522 1.011945 
-0.092075 0.347974 0.784838 
0.550712 -0.255189 0.927520 
0.735627 -0.515109 0.994945 
0.615156 0.014506 0.845295 
0.375614 0.352702 0.757109 
0.576936 0.026187 0.845455 
0.752259 -0.467952 0.974699 
0.484245 0.109728 0.824668 
0.473831 -0.804503 1.080649 
0.628155 -0.519185 1.012142 
0.732098 -0.209375 0.902741 
0.614645 0.012965 0.844973 
0.342901 0.308745 0.764383 
0.483603 0.193548 0.800164 
0.491900 -0.165752 0.910532 
0.626337 -0.506404 0.994297 
0.578121 0.030089 0.840015 
0.613752 -0.055249 0.864599 
0.565334 -0.581523 0.983103 
0.237683 -0.727066 1.079003 
0.107079 0.268494 0.785309 
0.320620 -0.921925 1.125720 
0.701811 -0.473406 0.980682 
0.733112 -0.027713 0.829413 
0.830911 -0.224149 0.896585 
0.752049 -0.468287 0.975811 
0.879582 -0.266145 0.895182 
0.595210 0.110867 0.807539 
0.813474 -0.456997 0.970510 
0.831042 -0.222738 0.896562 
0.526720 -0.332279 0.940173 
0.529976 0.249943 0.776929 
0.594099 0.109841 0.790132 
0.483269 0.191433 0.803308 
0.719471 -0.103518 0.867018 
0.877943 -0.261779 0.884873 
0.814307 -0.449318 0.953924 
0.733350 -0.028130 0.838931 
0.532161 0.246206 0.769100 
-0.029506 -0.025583 0.961762 
0.154599 0.149341 0.855995 
0.829736 -0.216822 0.883728 
0.733612 -0.027276 0.834919 
0.532521 0.245472 0.767431 
0.363960 0.362729 0.776233 
0.829691 -0.216540 0.888924 
0.609635 0.137782 0.791199 
0.613583 0.010417 0.843500 
0.450574 0.363695 0.744846 
0.374163 0.360096 0.760739 
0.588965 0.110498 0.813320 
0.877106 -0.264644 0.899696 
0.793301 -0.151185 0.866165 
0.669049 -0.131244 0.885315 
0.496630 -0.167273 0.904417 
0.477535 0.252927 0.787088 
0.522207 -0.333962 0.948922 
0.448533 -0.792010 1.082088 
0.878293 -0.269121 0.919544 
0.830288 -0.215651 0.891287 
0.479382 0.104923 0.822628 
0.747814 -0.481047 0.993917 
0.614192 0.013347 0.849295 
0.761386 -0.280482 0.920962 
0.662539 -0.235811 0.922792 
0.482172 -0.101874 0.887930 
0.088390 -0.021400 0.899072 
0.340901 0.308570 0.765694 
0.512897 -0.305726 0.938689 
0.177658 0.143853 0.829090 
0.105554 0.267686 0.788678 
0.183455 0.142659 0.820442 
0.316020 -0.813386 1.096585 
0.101705 0.269634 0.794684 
0.358852 -0.629501 1.013445 
0.865669 -0.158566 0.847600 
0.869025 -0.161209 0.862634 
0.531773 -0.594597 0.980460 
0.604355 0.259981 0.762824 
0.377074 0.351202 0.754749 
0.867310 -0.158976 0.851609 
0.664567 -0.234664 0.916695 
0.883020 -0.450149 0.989425 
0.590780 0.109740 0.809487 
0.752885 -0.501862 0.925785 
0.953480 -0.414481 1.014964 
0.513735 0.387128 0.734962 
0.516613 0.381556 0.726876 
0.117813 0.141987 0.860839 
0.427476 0.467201 0.724214 
0.735219 -0.027457 0.825407 
0.873191 -0.251918 0.864240 
0.525687 0.246818 0.775667 
0.616348 0.009293 0.829750 
0.419753 0.024205 0.819870 
0.794845 -0.154038 0.900115 
0.522114 0.249039 0.782620 
0.793447 -0.156504 0.873364 
0.879346 -0.265899 0.895530 
0.793454 -0.156650 0.875598 
0.793566 -0.156727 0.880791 
0.718190 -0.102341 0.859670 
0.528067 -0.442632 0.964841 
0.368987 0.359683 0.766867 
0.437022 0.299055 0.769053 
0.407218 0.109083 0.819618 
-0.235440 -0.041588 1.191870 
0.475160 0.258507 0.795384 
0.638650 -0.478041 0.973274 
0.682289 -0.379488 0.956193 
0.543230 -0.438244 0.931761 
0.106758 0.269395 0.787723 
0.518611 0.059045 0.840029 
0.250706 -0.307636 0.934086 
0.466398 -0.767203 1.069744 
0.901834 -0.182814 0.889737 
0.869846 -0.162926 0.872560 
0.850576 -0.100205 0.854163 
0.661954 0.205092 0.787805 
0.563614 0.353677 0.733191 
0.850183 -0.098137 0.841161 
0.529251 -0.373664 0.921139 
0.826944 -0.513613 0.986260 
0.530823 0.247073 0.771208 
0.667881 0.197081 0.757902 
0.827095 -0.510094 0.981145 
0.847884 -0.096689 0.829976 
0.667131 0.196706 0.757767 
0.698089 0.135595 0.778618 
0.667275 0.196560 0.757655 
0.343941 0.398358 0.678151 
0.565334 0.350146 0.724661 
0.944421 -0.386527 0.955935 
0.696022 0.136925 0.784137 
0.536111 0.296578 0.754574 
0.814179 -0.457988 0.969502 
0.685500 0.077928 0.770263 
0.940897 -0.378546 0.936451 
0.521087 0.381532 0.724091 
0.537229 0.293099 0.748213 
0.322038 -0.635454 1.013589 
0.749651 -0.548208 1.000427 
0.729991 -0.366231 0.949161 
0.481836 0.246234 0.777995 
-0.009855 -0.024808 0.941836 
0.735668 -0.630276 1.088048 
0.708264 -0.521241 0.985481 
0.683814 -0.391192 0.953004 
0.485219 0.190451 0.798831 
-0.114925 0.278030 0.782780 
0.731156 -0.545837 0.996627 
0.364520 0.024022 0.928133 
0.635218 -0.578686 1.013895 
0.684927 -0.575648 0.984150 
0.812593 -0.457519 0.971462 
0.344032 0.403043 0.773509 
0.632899 -0.494874 0.995603 
0.719336 -0.306966 0.929839 
0.254200 -0.300896 0.940282 
0.732328 -0.207091 0.897506 
0.334247 0.098641 0.823332 
0.346937 -0.635055 1.021001 
0.478274 -0.765214 1.069128 
0.375448 -0.908614 1.116094 
0.328752 -0.800421 1.089443 
0.529288 -0.798483 1.076008 
0.684160 -0.394593 0.961688 
0.532380 -0.591721 0.976202 
0.541672 -0.420164 0.942867 
0.775399 0.059814 0.785987 
0.829110 -0.129318 0.867540 
0.528329 -0.444113 0.987443 
0.807302 -0.271967 0.908861 
0.547655 0.436462 0.699294 
0.564643 0.352443 0.728316 
0.544744 0.440835 0.705911 
0.717579 -0.307926 0.931284 
0.661214 0.196572 0.769938 
0.866109 -0.166056 0.876387 
0.744615 0.016364 0.797875 
0.483026 0.196887 0.801861 
0.826349 -0.513807 0.985601 
0.741104 0.019943 0.814452 
0.655921 0.043901 0.798012 
0.745097 0.019634 0.752935 
0.742922 0.019858 0.807395 
0.515534 0.381962 0.728729 
0.602235 0.221705 0.770878 
0.742337 0.018958 0.805381 
0.664671 -0.653391 1.059934 
0.531782 0.319913 0.764477 
0.566127 -0.099859 0.882183 
0.555504 -0.226454 0.919413 
0.564564 -0.451164 0.987184 
0.541594 -0.053373 0.871162 
0.763166 -0.277918 0.917049 
0.556342 0.215477 0.772997 
0.587111 0.112552 0.817004 
0.671810 -0.632452 1.025861 
0.344928 0.397912 0.765344 
0.621970 -0.515553 1.010252 
0.391374 0.080297 0.843333 
0.610262 0.136045 0.791225 
0.619104 -0.052575 0.865565 
0.418077 0.028158 0.827836 
0.319881 0.429894 0.737586 
0.604169 -0.653091 1.036926 
0.551838 -0.228199 0.930532 
-0.108562 0.211269 0.824254 
0.022324 -0.024869 0.912829 
0.504939 -0.156130 0.877380 
0.604590 0.217806 0.762400 
0.808974 -0.018936 0.812753 
0.761059 -0.576923 1.014553 
0.567236 -0.573230 1.001042 
0.478827 -0.609738 1.003366 
0.349878 0.397708 0.766330 
0.776693 0.058115 0.778597 
0.775320 0.058211 0.787613 
0.622706 0.343999 0.722258 
0.556056 -0.610629 1.026536 
0.464128 0.325312 0.761881 
0.742937 -0.568340 1.036961 
0.719214 -0.307091 0.931153 
0.542251 0.443672 0.709976 
0.777413 0.010660 0.815062 
0.542374 0.443227 0.709611 
0.535168 0.301782 0.764057 
0.562015 0.355474 0.735844 
0.452261 -0.029423 0.808724 
0.407099 -0.628697 1.027246 
0.603392 0.262822 0.767630 
0.879859 -0.442791 0.969227 
0.815372 -0.458563 0.969130 
0.905446 -0.404940 0.958611 
0.670597 -0.129105 0.871521 
0.517404 -0.623090 1.019712 
0.817232 -0.460697 0.968942 
0.653813 0.044142 0.819434 
0.651195 0.045415 0.830087 
0.355795 0.255556 0.808374 
0.604475 0.217981 0.763739 
0.426779 -0.593070 0.976391 
0.608689 0.213380 0.751756 
0.446849 0.367916 0.745474 
0.719240 -0.102990 0.862506 
0.659692 -0.306552 0.932087 
0.604720 0.140844 0.811464 
0.617734 -0.118223 0.882656 
0.951964 -0.474190 0.983551 
0.562710 0.355426 0.735390 
0.394043 0.074402 0.839534 
0.719140 -0.306261 0.926664 
0.937848 -0.405116 0.938605 
0.618529 0.352691 0.738377 
0.602235 0.146303 0.812763 
0.593128 -0.665233 1.059470 
0.525895 -0.330253 0.944324 
0.732687 -0.549014 1.001074 
0.739795 -0.579179 1.006879 
0.583387 0.329568 0.736429 
0.411822 0.016552 0.848994 
0.548069 -0.172007 0.903012 
0.629222 -0.580036 1.008764 
0.403359 0.101584 0.826635 
0.630033 -0.580072 1.011864 
0.942865 -0.491113 0.972500 
0.394195 0.075171 0.837728 
0.340507 0.311036 0.771080 
0.480076 0.248116 0.782018 
0.518337 0.381539 0.725318 
0.574525 0.389701 0.727662 
0.386514 0.196396 0.804998 
0.698545 0.135071 0.784201 
0.601978 -0.652933 1.037418 
0.330177 -0.827015 1.099029 
0.297148 -0.816924 1.099288 
0.826040 -0.509479 0.991077 
0.728374 -0.657494 1.024857 
0.730904 -0.547028 0.999742 
0.388285 0.078456 0.823032 
0.615402 0.020944 0.847497 
0.701254 -0.472445 0.980132 
0.474673 -0.805331 1.080206 
0.731701 -0.667026 1.038342 
0.825920 -0.506356 0.977857 
0.289920 -0.343998 0.926163 
0.604586 -0.651824 1.034874 
0.676701 -0.444471 0.975458 
0.733535 -0.510488 0.987109 
0.400056 -0.752689 1.075113 
0.434756 -0.816224 1.086692 
0.738418 -0.577958 1.005663 
0.294471 -0.818946 1.105715 
0.685852 -0.593602 1.009378 
0.272679 -0.911167 1.125680 
0.310793 -0.780215 1.088639 
0.663978 -0.307218 0.932061 
0.243023 -0.817347 1.105080 
0.604972 -0.652999 1.030074 
0.477367 -0.802201 1.066165 
0.680757 -0.395950 0.956354 
0.684679 -0.593632 1.004317 
0.740471 -0.578537 0.995397 
0.627923 -0.440068 0.978233 
0.634086 -0.496117 0.989666 
0.521684 -0.339680 0.957110 
0.583895 -0.496142 0.994925 
0.530743 -0.796214 1.072461 
0.539393 -0.053281 0.875461 
0.627773 -0.441160 0.978312 
0.325977 -0.800194 1.093163 
0.685565 -0.393908 0.955092 
0.394120 0.070979 0.835900 
0.634409 -0.501071 0.993244 
0.389908 0.090232 0.834337 
0.587304 -0.563553 1.007740 
0.676090 -0.444741 0.973332 
0.743417 -0.578805 0.999125 
0.572014 -0.577374 0.994292 
0.423994 0.076127 0.844088 
0.305281 -0.901978 1.115242 
0.476726 -0.856692 1.097396 
0.524830 -0.784846 1.070393 
0.578340 -0.230337 0.921819 
0.576632 -0.613670 1.025156 
0.485380 -0.243284 0.933584 
0.186004 -0.695627 1.070539 
0.534644 -0.616663 1.032096 
0.670831 -0.628308 1.010204 
0.186295 -0.694892 1.069630 
0.540616 -0.603259 1.007441 
0.476277 -0.855137 1.096636 
0.059574 -0.036767 0.864122 
0.570638 -0.563520 1.007378 
0.183187 0.040258 0.862754 
0.237892 -0.295478 0.941499 
0.532312 -0.794139 1.070104 
0.408008 -0.874720 1.104926 
0.239463 -0.890839 1.121201 
0.514926 -0.623946 1.025060 
0.137393 -0.859930 1.128458 
0.153207 -0.918803 1.138014 
0.533648 -0.232278 0.958301 
0.151434 -0.920813 1.144761 
0.199804 0.021575 0.838324 
-0.082156 0.014095 0.896174 
0.492776 -0.277696 0.946957 
0.493426 -0.622973 1.043453 
0.364067 -0.762037 1.081703 
0.536016 -0.608521 1.022595 
0.258678 -0.861592 1.114110 
0.336726 -0.886590 1.200580 
-0.016710 -0.262389 0.959413 
0.552347 -0.255295 0.932160 
0.441217 -0.810349 1.081276 
0.313665 -0.844031 1.106944 
-0.304185 0.069506 0.908130 
-0.034599 -0.354962 1.004325 
0.044467 -0.690048 1.084083 
0.638135 -0.778975 1.070017 
-0.132461 -0.601654 1.069318 
-1.720376 1.088698 2.237121 
0.627924 -0.445191 0.975720 
-0.187282 0.114882 0.875465 
-0.095097 -0.043768 0.929581 
0.072715 0.018629 0.879465 
0.006639 -0.616904 1.082003 
0.313640 -0.739069 1.083093 
-0.372497 0.223864 0.862845 
-0.160428 0.286212 0.824527 
0.228350 -0.340926 0.948709 
0.280037 0.061831 0.856384 
-0.083591 -0.495881 1.049284 
-0.084252 -0.499500 1.056217 
-0.085276 -0.497023 1.052761 
0.256257 -0.813507 1.099734 
-0.089271 -0.295509 0.991040 
0.263448 -0.810217 1.134876 
0.027001 -0.814177 1.129310 
-0.059053 -0.715345 1.113370 
0.022197 -0.809660 1.126321 
-0.242676 -0.136089 0.953180 
0.199200 0.019575 0.837367 
0.328922 -0.827630 1.101068 
-0.068878 -0.890698 1.159243 
0.034482 -1.019572 1.178315 
-0.083864 -0.783182 1.132113 
-0.125426 -0.875844 1.161741 
-0.055825 -0.548436 1.067940 
-0.148291 -0.439152 1.043697 
-0.175795 -0.292444 0.991376 
-0.240097 -0.140522 0.955277 
0.149250 -0.920567 1.146253 
0.592781 -0.556842 0.969157 
0.023853 -0.812558 1.130268 
-0.084742 -0.780305 1.132682 
0.182110 -0.694926 1.074753 
0.308888 -0.936203 1.124907 
0.465003 -0.828583 1.086041 
0.467418 -0.914347 1.113315 
-0.189714 -0.675702 1.112742 
0.022530 -1.083700 1.192478 
0.022194 -1.079704 1.190861 
0.389841 -0.942013 1.115938 
0.205641 -1.006063 1.160201 
0.553991 -0.860735 1.069615 
0.031526 -1.023047 1.180098 
-0.142067 -0.606913 1.084718 
0.550203 -0.864649 1.085352 
-0.075627 0.016776 0.894236 
-0.082453 -0.208112 0.957443 
0.153226 -0.924272 1.145031 
0.622668 -0.876451 1.092944 
0.635067 -0.828805 0.941067 
0.653766 -0.837856 1.061557 
0.705449 -0.917095 1.071644 
0.325152 -0.967221 1.132122 
0.417812 -0.968305 1.131048 
0.098877 -1.070516 1.189924 
0.031957 -1.027538 1.181987 
0.702372 -0.880037 0.966348 
0.137380 -0.858413 1.128252 
0.638146 -0.776447 1.053556 
-0.092256 -0.203391 0.965544 
0.309278 -0.849478 1.106825 
0.367008 -0.852484 1.100194 
0.495243 -0.175250 0.899211 
0.570221 -0.567691 1.009343 
0.693171 -0.738231 1.053017 
0.507901 -0.304725 0.953578 
0.239165 -0.851566 1.121959 
0.266774 -0.877020 1.118312 
0.364848 -0.753406 1.077849 
0.123589 -0.680734 1.068224 
0.720683 -0.879259 0.968810 
0.473173 -0.907817 1.090456 
0.722024 -0.885714 1.056021 
-0.195069 -0.626243 1.090708 
-0.074350 0.008865 0.900276 
0.247711 -0.299952 0.962676 
-0.188397 -0.128780 0.950102 
0.254460 -0.338931 0.969171 
0.535366 -0.811884 1.076305 
0.659277 -1.151264 1.526026 
-0.327149 -0.056181 0.939127 
0.549667 -0.868031 1.092812 
-0.052964 -0.731413 1.115185 
0.514051 -0.625683 1.032343 
0.705614 -0.920746 1.083077 
0.241458 -0.889601 1.117968 
0.318051 -1.043465 1.157755 
-0.332163 0.019002 0.927508 
0.243465 -0.728677 1.074734 
0.173488 0.048888 0.872190 
0.078037 -0.695292 1.089781 
-0.227244 -0.732855 1.189360 
0.490712 -0.859200 1.097444 
0.492582 -0.857392 1.091106 
-0.211562 -0.589785 1.067027 
0.702490 -0.803763 0.938523 
0.704533 -0.883011 0.979307 
0.288698 -1.076583 1.165778 
-0.210913 -0.499855 1.064196 
-0.153994 -0.351264 1.006801 
0.469104 -0.819862 1.059840 
-0.077776 0.011496 0.906300 
0.247079 -0.849547 1.106373 
-0.161128 -0.496414 1.152182 
0.415946 0.027924 0.789053 
0.385046 -0.944822 1.126308 
0.327503 -1.037155 1.139693 
0.461458 -1.133485 1.246369 
0.742176 -0.947662 1.026489 
0.427291 -0.965461 1.116116 
0.692375 -1.049081 1.154934 
0.363581 -0.807767 1.089243 
0.458845 -1.142971 1.266932 
0.628870 -0.925575 0.935889 
0.703823 -0.925532 1.095447 
0.678165 -0.936660 1.009180 
0.254371 -0.980216 1.145266 
-0.073951 -0.889391 1.160517 
0.329932 -0.942111 1.113421 
0.256869 -0.979081 1.138894 
-0.302963 0.064122 0.905068 
0.002262 -1.047413 1.224695 
0.677336 -0.792783 0.945815 
-0.066935 -0.994596 1.189251 
-0.244854 -1.220926 1.411435 
0.104533 -1.064704 1.183359 
0.034992 -1.019756 1.176309 
0.253588 -0.954376 1.137097 
-0.021887 -0.948516 1.170385 
0.082086 -1.169814 1.348042 
-0.330487 0.021500 0.925677 
-0.277313 -0.291455 0.990629 
-0.424748 -0.159007 0.971519 
-0.248982 -1.227781 1.425116 
0.262510 -0.940794 1.119130 
0.488325 -0.792112 1.022127 
0.465346 -0.834715 1.083614 
-0.228918 -0.585414 1.078671 
-0.240256 -1.227330 1.428580 
-0.239889 -1.214636 1.397848 
0.209254 -0.999139 1.140708 
0.316650 -0.854555 1.107141 
0.326764 -0.971666 1.134738 
0.264572 -0.857501 1.106265 
0.263920 -0.699018 1.073176 
0.321750 -0.949485 1.132415 
-0.275731 -1.037810 1.192858 
-0.336705 -0.545142 1.066035 
-0.365082 -0.522417 1.042140 
-0.316491 -0.850939 1.175146 
-0.456052 -1.257605 1.436468 
-0.471832 -0.327859 1.080708 
-0.324223 -0.761953 1.115057 
-0.404671 -0.584098 1.113145 
-0.309797 -0.785722 1.145230 
-0.296375 -0.619223 1.068848 
-0.691819 0.031752 0.939270 
-0.317591 -0.850792 1.177429 
-0.245178 -1.224795 1.419842 
-0.367183 -0.585956 1.070621 
0.035671 -0.023820 0.894957 
-0.337069 -0.942418 1.206041 
-0.360431 -0.990213 1.156860 
-0.382432 -0.814973 1.147270 
-0.246683 -0.990461 1.204840 
-0.292732 -0.738067 1.105778 
-0.455626 -0.293105 0.968911 
-0.344024 -0.545538 1.072223 
-0.437404 -1.234160 1.377185 
-0.326428 0.014432 0.921100 
-0.394267 -0.857432 1.196838 
0.059297 -0.036256 0.863307 
-0.270717 -0.741603 1.137497 
0.283262 -1.018906 1.151892 
0.318108 -1.044210 1.157721 
0.282082 -1.019573 1.154399 
0.288017 -1.078702 1.170160 
0.103032 -1.229284 1.371628 
0.146104 -1.226082 1.335129 
0.108130 -1.064052 1.185574 
0.098866 -1.095774 1.199281 
0.104319 -1.224570 1.366336 
0.033862 -1.019348 1.180406 
0.003399 -0.398774 1.016391 
0.316884 -1.044389 1.159056 
-0.242293 -0.652057 1.054656 
0.315846 -0.931958 1.127550 
-0.339973 -0.764241 1.134553 
-0.258931 -1.021933 1.209938 
0.034059 -0.700178 1.096387 
0.361279 -0.810060 1.090723 
-0.011099 -0.942494 1.160067 
0.004296 -1.004553 1.179245 
-0.423366 -0.163126 0.972299 
-0.359696 -0.513858 1.052006 
0.022000 -0.620343 1.063517 
-0.341753 -0.715787 1.098222 
-0.382208 -0.581708 0.936330 
0.207296 -1.004740 1.158957 
-0.347328 -0.480746 1.057096 
-0.310856 -0.955878 1.163324 
-0.381851 -0.853414 1.170901 
-0.069671 -0.890012 1.157742 
-0.374685 -0.521595 1.053483 
-0.228701 0.181345 0.870947 
-0.051515 -0.728872 1.111270 
-0.043077 -0.729604 1.101126 
0.253046 -0.950807 1.134276 
0.260761 -0.846444 1.109841 
-0.127860 -0.027143 0.923340 
-0.482328 -0.663725 1.038902 
-0.573268 -0.926135 1.198990 
-0.383921 -0.851174 1.170269 
-0.564093 -1.088754 1.241978 
-0.126123 -0.874873 1.157180 
-0.610311 -0.999086 1.214353 
-0.424588 -1.032657 1.166228 
-0.315397 -0.784604 1.147535 
-0.615549 -1.001659 1.220483 
-0.188561 0.117886 0.876736 
-0.477357 -0.381021 0.877322 
-0.718592 0.049488 0.958775 
-0.680202 -0.361684 0.972063 
-0.580887 -0.872088 1.166230 
-0.478482 -0.380884 0.877839 
-0.492567 -0.686936 0.975160 
-0.599137 -0.877382 1.185458 
-0.426055 -1.033018 1.169942 
-0.273237 -1.037091 1.190208 
-0.454958 -1.174097 1.233098 
-0.302756 -0.961220 1.158213 
-0.404480 -0.238296 1.008582 
-0.444231 -0.286411 0.939550 
-0.415870 -1.026205 1.158504 
-0.503090 -1.156641 1.241290 
-0.497649 -0.365722 0.887442 
-0.630790 -0.471549 1.070564 
-0.447861 -1.167442 1.224358 
-0.333063 -0.746239 1.167179 
0.273491 -0.910504 1.122119 
-0.376543 -0.818621 1.149398 
-0.426506 -0.929490 1.171956 
-0.196880 -0.671166 1.121208 
-0.438499 -0.890934 1.161757 
-0.357143 -0.986386 1.147518 
-0.504345 -0.493481 1.086838 
-0.048326 -0.545880 1.062477 
-0.133521 -0.147898 0.946503 
-0.091693 -0.202973 0.965351 
-0.078867 0.015954 0.894533 
-0.492639 -0.429022 1.006671 
-0.424441 -1.035464 1.169231 
-0.403686 -0.449061 1.055896 
-0.416751 -0.915555 1.158987 
-0.404421 -0.808645 1.140055 
-0.526934 -0.388222 0.923525 
-0.571515 -0.448231 0.956596 
-0.333347 -0.530212 1.079354 
-0.615811 -0.880128 1.199380 
-0.829161 -0.112285 0.946866 
0.106513 -1.065558 1.187535 
-0.415804 0.160148 0.894575 
-0.390042 -0.239326 0.997685 
-0.515261 -0.555107 0.956203 
-0.399091 -0.807798 1.133577 
-0.597397 -0.445593 0.976128 
-0.574084 -0.926180 1.197690 
0.020957 -0.348469 0.945029 
-0.528810 0.003458 0.943784 
-0.461527 -0.729864 1.050319 
-0.574977 -0.925285 1.195469 
-0.193043 -0.673142 1.115753 
-0.518109 -0.496834 1.076003 
-0.621957 -0.475265 1.050418 
-0.506693 -0.363747 0.896760 
-0.403658 0.151690 0.879107 
-0.490809 -0.435692 1.023930 
-0.748473 -0.103729 0.919814 
-0.524463 -0.294503 0.875029 
-0.490059 -0.434948 1.023456 
-0.394104 -0.449131 1.056889 
-0.666855 -0.459485 0.977036 
0.304794 -0.952483 1.133614 
-0.252881 -0.993822 1.213470 
-0.557046 -0.743154 1.027697 
-0.458465 -0.289317 0.960709 
-0.518646 -0.691979 0.996174 
-0.606480 -0.463959 0.932990 
-0.671486 -0.363343 0.965080 
-0.359915 -0.501258 1.053324 
-0.526789 -0.291022 0.877742 
-0.249229 -0.991281 1.207687 
-0.554088 -0.741176 1.024736 
0.105714 -1.063956 1.184225 
-0.660108 -0.845714 1.189703 
-0.725479 -0.815202 1.206620 
-0.378393 0.229021 0.872981 
-0.409575 -0.447611 1.061918 
-0.390867 -0.545757 1.018722 
-0.615709 -0.457250 1.095563 
-0.487896 -0.359717 0.874907 
-0.558071 -1.078627 1.225595 
-0.513593 -0.551506 0.961806 
-0.591425 -0.459523 1.073401 
-0.534767 -0.825556 1.094772 
0.020021 -0.732405 1.103777 
-0.127233 -0.364946 1.017910 
0.011603 -0.372637 0.991861 
-0.032120 -1.057379 1.199162 
-0.361358 -0.878185 1.186757 
0.094917 -0.651291 1.046016 
-0.045844 -0.547156 1.058199 
-0.484717 0.118091 0.905008 
-0.489287 0.048476 0.921159 
-0.318942 0.247041 0.864922 
-0.501582 0.183136 0.879101 
-0.629388 -0.551112 1.072687 
-0.369039 -0.843347 1.171088 
-0.734799 -0.177567 0.903587 
-0.511256 -0.551397 0.959675 
-0.745843 -0.103137 0.916738 
-0.427754 -0.887252 1.142804 
-0.265101 -0.206632 0.963211 
-0.451073 -1.120937 1.177924 
-0.427412 -0.980658 1.159853 
-0.679987 -0.310025 0.907392 
-0.031941 -1.059013 1.199018 
-0.299641 -1.089024 1.243087 
-0.224361 -0.340121 1.014650 
-0.359250 -0.988076 1.156390 
-0.741032 -0.891485 1.202525 
-0.597310 -0.271816 0.859857 
-0.561670 -0.851898 1.182825 
-0.649506 0.171832 0.911240 
-0.481776 -1.143339 1.217723 
-0.600139 -0.051951 0.986875 
-0.579126 -1.091914 1.252769 
-0.342665 -0.765012 1.142094 
-0.513756 0.199652 0.893323 
-0.336523 -0.854219 1.189600 
-0.716729 0.041658 0.957084 
-0.340376 -0.940906 1.207904 
-0.297240 0.207482 0.856583 
-0.207860 -0.065298 0.931807 
-0.330905 -0.586839 1.021963 
-0.396371 -0.578879 0.948172 
-0.005024 -0.274163 0.938634 
-0.400764 -0.765855 0.994617 
-0.604437 -0.990858 1.206615 
-0.469242 -0.925294 1.210551 
-0.747739 0.097965 0.941603 
-0.483712 -0.964218 1.183279 
-0.248940 -0.652215 1.057393 
-0.299555 -0.707971 1.045995 
-0.359712 -0.500802 1.052508 
-0.365007 0.215020 0.860274 
-0.633728 -0.474576 1.062942 
-0.698574 -0.325002 0.913779 
-0.791226 -0.115694 0.903814 
-0.372184 -0.845361 1.174542 
-0.272509 -1.035846 1.187418 
-0.532651 -0.337496 0.901005 
-0.523050 -0.550321 0.973186 
-0.608195 -0.458688 1.087970 
-0.863015 -0.515401 1.150325 
-0.281959 0.187704 0.838718 
-0.909746 -0.513518 1.182329 
-0.758992 -0.895775 1.219955 
-0.597272 -0.988132 1.201179 
-0.231181 0.012349 0.911109 
-0.260461 -0.204725 0.959529 
0.003597 -0.946224 1.188387 
-0.465386 -1.111461 1.216192 
-0.558530 -0.958344 1.191710 
-0.602994 -0.872269 1.201340 
-0.391665 -0.503474 1.015225 
-0.106536 0.076978 0.862399 
-0.328430 -0.763403 1.118843 
-0.459171 -0.303228 0.970125 
-0.700563 -1.153806 1.349755 
-0.606939 -0.457321 1.087002 
-0.644783 -0.396549 0.869014 
-0.650175 -0.844125 1.177237 
0.037609 -0.436569 0.983105 
-0.020722 -0.952152 1.182114 
-0.739838 -0.890762 1.201345 
-0.547790 -0.384551 0.941358 
-0.116197 0.216331 0.775593 
-0.696276 -1.152673 1.348844 
-0.406787 -0.050456 0.941722 
-0.437595 -0.647156 0.952705 
-0.504613 -0.551640 0.952476 
-0.061962 -0.615777 1.088052 
-0.760463 -0.170586 0.913300 
0.233802 -0.798569 1.098555 
-0.673507 -0.332758 0.969756 
-0.849818 -0.071780 0.919969 
-0.487156 0.103599 0.909055 
-0.759277 0.109255 0.945380 
-0.454081 -0.333748 1.061840 
-0.402934 -0.237839 1.007918 
-0.421548 -0.884950 1.134028 
-0.676415 -0.391663 0.892281 
-0.684709 -0.360782 0.977444 
-0.662208 -0.335146 0.960141 
-0.717895 -0.300913 0.932673 
-0.691136 -0.325959 0.907402 
-0.380459 -0.804313 1.113545 
-0.686178 -0.353208 0.972667 
-0.035190 -0.763351 1.123524 
-0.067760 -0.659435 1.082625 
-0.236541 -0.518068 1.051872 
-0.037559 -0.256900 0.977478 
0.024928 -0.431423 1.016559 
-0.362822 -0.786889 1.136745 
-0.010201 -0.620175 1.076097 
-0.333265 -0.943470 1.204445 
-0.009924 -0.619792 1.076409 
-0.805384 -0.482334 0.990845 
-0.641171 0.021564 0.966793 
-0.837467 -0.363269 1.008254 
-0.755775 -0.375996 0.943107 
-0.628664 -1.121984 1.286599 
-0.668674 -0.319753 0.970282 
-0.277067 -0.608502 1.073558 
-0.522405 -0.293945 0.873984 
-0.765800 -0.118996 0.898309 
-0.373403 -0.522692 1.047992 
-0.758831 -0.152486 0.909867 
-0.412484 0.160178 0.888530 
-0.997855 0.136956 0.978924 
-0.468777 -0.678816 0.952776 
-0.234304 -0.832145 1.149137 
-0.260028 -0.953811 1.187325 
-0.452434 -0.853746 1.152231 
-0.746646 -0.102652 0.916985 
-0.701115 -0.335761 0.903557 
-0.683223 -0.338128 0.889588 
-0.617810 -0.461758 0.939081 
-0.795533 -0.118089 0.905630 
-0.225594 -0.630343 1.096285 
-0.170253 -0.653843 1.105262 
-0.320153 -0.292794 0.994197 
-0.386645 -0.759014 0.975286 
0.187247 -0.695952 1.071301 
-0.068333 -0.656613 1.083872 
-0.383931 -1.363174 1.660956 
-0.620710 -0.475408 1.052085 
-0.408380 -1.394968 1.717369 
-0.314056 -1.277939 1.501943 
-0.175287 0.099276 0.858814 
-0.513009 -0.287865 0.849250 
0.154910 -0.925610 1.143788 
-0.761554 -0.120465 0.895210 
-0.465116 -1.183471 1.247077 
-0.354707 -0.502838 1.045931 
-0.435095 -0.075626 0.967984 
-0.481269 -1.269038 1.439914 
-0.449498 -0.648387 0.968298 
-0.872007 -0.211970 0.945631 
-0.435200 -1.165831 1.239555 
-0.471754 -0.361783 0.941095 
-0.812146 -0.213589 0.936657 
-0.862503 -0.215858 0.938516 
-0.911084 -0.167008 0.920776 
-0.859258 -0.217991 0.935281 
-1.130097 0.242097 1.048077 
-0.562815 -0.922587 1.184301 
-0.572842 -0.897563 1.183905 
-0.536592 -0.927687 1.179972 
-0.585924 -0.868531 1.183211 
-0.835745 -0.479390 1.012683 
-1.046461 0.192696 0.998067 
-0.071349 -0.880968 1.160984 
-0.730944 -0.084898 0.982270 
-0.580641 -0.871906 1.166024 
-0.212012 -0.502796 1.064391 
-0.047643 -0.568193 1.067349 
-0.280788 -0.290044 0.995731 
-0.485513 0.119709 0.906216 
-0.663276 0.033814 0.980241 
-0.806159 -0.087633 0.894811 
-0.386911 -0.745442 1.008965 
-0.473275 -0.645462 0.929690 
-0.735803 -0.083614 0.984828 
-0.927620 -0.122015 0.927778 
-0.769880 -0.372083 0.952178 
-0.361746 -0.898523 1.191731 
-0.476465 -0.312035 0.837525 
-0.840530 -0.480857 1.016810 
-0.760858 0.104598 0.951069 
-0.418866 -1.220048 1.353014 
-0.424259 -0.645165 0.944261 
-0.799315 -0.201431 0.930408 
-0.857721 -0.218518 0.931995 
-0.829719 -0.228789 0.913065 
-0.290789 -0.609329 1.093802 
-0.140611 -0.287549 0.989342 
-0.623030 -1.145598 1.276700 
-0.888473 -0.134050 0.902471 
-0.354867 -0.546835 1.086685 
-0.364059 -0.990232 1.159237 
-0.217740 -0.497011 1.075529 
-0.266007 -0.957133 1.196370 
-0.015024 -0.945962 1.168464 
-0.288090 -0.821870 1.153283 
-0.424992 -0.593870 0.951453 
-0.436304 -0.727046 1.021372 
-0.261958 -1.026187 1.220076 
-0.712174 -0.319933 0.921331 
-0.768609 -0.148030 0.917781 
-0.490500 0.170580 0.868556 
-0.547372 -0.151122 0.957301 
-0.763197 -0.150860 0.913132 
-0.607348 -0.463584 0.933027 
-0.234435 -0.330576 1.027494 
-0.780583 -0.626699 1.123913 
-0.652780 0.025595 0.968712 
-0.540031 -0.972956 1.191939 
-0.432467 0.123985 0.886478 
-0.423334 -1.225901 1.362671 
-0.857236 -0.619326 1.176746 
-0.425513 0.117840 0.878914 
-0.183453 0.080840 0.866705 
-0.301950 -0.831995 1.168984 
-0.035907 -0.355453 1.004034 
-0.452589 -0.383116 0.993537 
-0.186303 0.084468 0.870176 
-0.398552 -0.859596 1.190390 
-0.671423 0.186814 0.926975 
-0.748654 -0.228183 0.933725 
-0.152470 -0.280687 1.008941 
-0.446566 -0.283420 0.943588 
-0.343814 -0.461169 1.056985 
-0.661817 -0.906907 1.201124 
0.076219 -0.696540 1.090401 
-0.631312 -0.286705 0.935759 
-0.539894 -0.155562 0.950846 
-0.986573 -0.420304 1.061297 
-0.497020 -0.374521 0.896310 
-0.427006 -0.581557 0.982670 
-0.812141 -0.518449 1.110238 
-0.642409 -0.486040 1.032277 
-0.757453 -0.141922 0.911944 
-0.941576 -0.157331 0.938766 
-0.704536 -0.761178 1.123891 
-0.087953 -0.206783 0.957720 
-0.255275 -0.589885 1.043941 
-0.266673 -0.589989 1.062099 
-0.363437 0.165678 0.870806 
-0.456694 -0.362030 0.994741 
-0.466156 -0.359524 1.003369 
-0.494533 -0.369031 0.900270 
-0.384510 -0.704142 1.039557 
-0.351872 -0.934918 1.208539 
-0.348292 -0.782653 1.115708 
-0.211507 -0.342712 0.994574 
-0.810894 -0.084737 0.897863 
-0.346121 -0.480489 1.056023 
-0.745031 -0.091702 1.006277 
-0.454969 -1.102808 1.201259 
-0.446883 -0.364967 0.985737 
-0.323520 -0.219950 0.962820 
-0.233836 0.120804 0.784817 
-0.394803 -0.447826 1.058921 
-0.622681 -0.478269 1.043893 
-0.674039 0.015958 0.967629 
0.125091 -0.957620 1.159338 
0.125583 -0.957313 1.160862 
-0.066982 -0.995348 1.191578 
-0.845115 -0.222290 0.956227 
0.002712 -1.004465 1.178163 
-0.637484 -0.777818 1.113414 
-0.625612 -0.476208 1.050388 
-0.495745 -0.303002 0.852745 
-0.630959 -1.000139 1.231379 
-0.448177 -0.893856 1.170084 
-0.341981 -0.931551 1.196570 
-0.787569 -0.350399 0.955034 
-0.449145 -1.101395 1.194857 
-0.563773 -0.354587 0.955545 
-0.695688 -0.325543 0.987623 
-0.058710 -0.731335 1.128731 
-0.618150 -0.992885 1.214874 
-0.247856 -0.132693 0.956276 
-0.655808 -0.277521 0.955108 
-0.693733 -0.260625 0.920076 
-0.822657 -0.723955 1.207252 
-0.534989 -0.549066 0.989772 
-0.675705 -0.794797 1.156986 
-0.425062 -0.654003 0.992711 
-0.533964 -0.548959 0.987261 
-0.688983 -0.759598 1.110832 
-0.753883 -0.717992 1.148988 
-0.504895 -0.686018 0.996634 
-0.237549 -1.186903 1.331452 
-0.239326 -1.183785 1.325117 
-0.249709 -0.974884 1.192176 
-0.438447 -0.344365 1.043389 
-0.460955 -0.381991 1.003674 
-0.714072 -0.764245 1.134241 
-0.534101 -0.363472 0.931109 
-0.019713 -0.259518 0.974764 
-0.750502 -1.705964 2.352467 
-0.539800 -0.473434 0.885441 
0.245466 -0.838331 1.098763 
-0.052362 -0.566510 1.068091 
-0.600820 -0.836736 1.164409 
-0.278973 -0.963848 1.215742 
-0.634024 -0.322649 0.953280 
0.044082 -0.874162 1.143239 
0.041799 -0.578773 1.055696 
-0.728029 -0.304670 0.930129 
-0.060441 -0.714145 1.112297 
-0.127217 -0.706199 1.116814 
-0.246812 -0.839806 1.170197 
-0.381363 -0.520435 1.058210 
-0.255370 -0.743299 1.113941 
-0.357603 -0.890306 1.188733 
-0.458714 -0.293391 0.969587 
-0.624271 -0.042987 0.944710 
-0.333796 -0.765894 1.125715 
0.144621 -0.696271 1.070246 
-0.373051 -1.021294 1.184606 
0.031905 -1.023282 1.181652 
-0.080588 -0.214989 0.949086 
-0.581982 -0.901485 1.193242 
-0.796309 -0.213889 0.936908 
-0.331893 -1.286036 1.534288 
0.033551 -0.020734 0.898823 
0.263742 -0.984957 1.140103 
-0.246055 -0.652777 1.066001 
-0.410643 -0.945864 1.173181 
-0.316515 -0.784639 1.149116 
-0.525770 -0.162798 0.937916 
-0.274652 -0.567317 1.076105 
0.273080 -0.982714 1.140850 
0.196386 -0.985510 1.155140 
-0.252278 -0.993775 1.213625 
-0.340149 -0.940560 1.205452 
-0.742869 -0.105107 0.914620 
-0.201343 -0.453726 1.039324 
0.213523 -0.755984 1.090213 
-0.239889 -0.651972 1.055020 
-0.268220 -0.742583 1.134907 
-0.454266 -0.331984 1.062277 
-0.222785 -1.001014 1.159630 
-0.298000 -0.781063 1.125362 
-0.251428 -1.026675 1.214006 
0.332601 -0.869782 1.113097 
0.302787 -0.904887 1.115675 
0.285039 -0.820007 1.097418 
-0.292579 -0.893676 1.183154 
0.424157 -0.774032 1.073206 
0.252646 -0.848659 1.117400 
0.316211 -0.740281 1.080008 
-0.196753 0.096730 0.882652 
0.469646 -0.770354 1.063817 
0.262747 -0.698044 1.075946 
0.223746 -0.676476 1.071658 
-0.048407 -0.255602 0.974736 
-0.001385 -0.582200 1.072417 
0.141553 -0.693886 1.078468 
0.513950 -0.624389 1.025882 
0.539838 -0.604881 1.017276 
0.400186 -0.752609 1.072640 
0.212263 0.109413 0.957567 
0.654924 -0.307516 0.959873 
0.634184 -0.499150 0.995376 
0.579555 -0.610763 1.028612 
0.503528 0.087272 0.881155 
0.345054 -0.754187 1.098160 
0.570891 -0.226460 0.953649 
0.418311 0.148534 0.856634 
0.484117 0.105712 0.822576 
0.483856 0.103198 0.819473 
0.593045 -0.326333 0.944010 
0.364611 -0.847588 1.102769 
0.529209 -0.791000 1.079035 
0.254269 -0.701359 1.087152 
0.678896 -0.443694 0.969862 
0.560728 -0.106401 0.889957 
0.686107 -0.591023 0.997634 
0.468435 0.136435 0.862267 
0.574627 -0.231935 0.936228 
0.686393 -0.594174 1.011577 
0.574532 -0.564264 0.999226 
0.366052 0.231498 0.847443 
0.505764 0.075738 0.871078 
0.493418 -0.278635 0.943277 
0.365004 0.233923 0.849394 
0.222243 -0.687289 1.049961 
0.363008 0.236535 0.851919 
0.627495 -0.442638 0.981427 
0.503577 -0.286014 0.908357 
0.362212 0.237339 0.850267 
0.424459 0.124049 0.834042 
0.733602 -0.549619 1.001512 
0.737877 -0.577548 0.999374 
0.746870 -0.574849 0.978656 
0.584613 -0.200783 0.917085 
0.749400 -0.543098 0.975189 
0.387013 0.078464 0.847646 
0.634270 -0.493019 0.991475 
0.169940 0.047152 0.882756 
0.094432 0.145335 0.850044 
0.100076 0.140401 0.843556 
0.464305 0.277034 0.815367 
0.037565 -0.018184 0.891921 
0.315100 -0.812066 1.096839 
0.476310 0.251437 0.789461 
0.277013 -0.344554 0.934076 
0.749613 -0.471357 0.978733 
0.271284 -0.770981 1.093846 
0.372791 -0.647546 1.046757 
0.534132 -0.617621 1.034932 
0.739271 -0.573996 0.981380 
0.614091 0.009002 0.842107 
0.524472 0.055117 0.828601 
0.544005 -0.057447 0.866184 
0.576090 0.026618 0.848742 
0.543066 -0.048484 0.870975 
0.471151 -0.829620 1.084967 
0.573527 -0.226392 0.920864 
0.751549 -0.467429 0.975025 
0.560612 -0.277759 0.927894 
0.309156 -0.791456 1.093495 
0.614759 -0.002540 0.830993 
0.477894 0.103120 0.823162 
0.326709 -0.814746 1.097187 
0.146493 -0.694613 1.067150 
0.482159 -0.803675 1.070356 
0.387503 -0.742406 1.072112 
0.652621 -0.834706 1.061664 
0.417489 -0.940591 1.112224 
0.479478 -0.858155 1.073959 
0.655149 -0.841818 1.060007 
0.325316 -0.965748 1.136877 
0.729923 -0.660035 0.998949 
0.702947 -0.847607 1.076843 
0.351255 -0.979347 1.135514 
0.703723 -0.846008 1.072942 
0.626945 -0.874654 1.082943 
0.682202 -0.381337 0.950894 
0.633465 -0.166084 0.897730 
0.520251 -0.336973 0.961994 
0.568460 -0.569652 1.009082 
0.266327 -0.875773 1.118734 
0.672185 -0.447328 0.970925 
0.673631 -0.447628 0.964651 
0.272507 -0.965507 1.136389 
0.270490 0.074848 0.873177 
0.406685 -0.876109 1.110860 
0.399552 -0.969337 1.121750 
0.397153 -0.969450 1.125913 
0.070396 -0.038651 0.857044 
0.266737 -0.759955 1.091154 
0.463598 -0.876207 1.089609 
0.242274 -0.817833 1.107791 
0.397579 -0.971533 1.127185 
0.257737 -0.302881 0.927766 
0.536788 -0.812801 1.070212 
0.307691 -0.757723 1.083068 
0.590577 -0.401898 0.955305 
0.722710 -0.808818 1.057934 
0.722151 -0.806833 1.052647 
0.257082 -0.356825 0.942840 
0.266444 -0.306160 0.926909 
0.035162 -0.578841 1.065524 
0.657215 -0.837765 1.050575 
0.235481 -0.727017 1.084646 
0.136033 -0.864953 1.130968 
0.635685 -0.579231 1.006913 
-0.003552 -0.394489 1.023849 
0.521126 -0.759070 1.056868 
0.260772 -0.892628 1.123566 
0.258750 -0.837004 1.106750 
0.123985 -1.013428 1.167576 
0.176017 -0.903578 1.135802 
0.546566 -0.055482 0.944429 
0.635673 -0.164409 0.898769 
0.649208 -0.579330 0.967624 
0.243118 -0.729168 1.075328 
0.726383 -0.662170 1.042582 
0.703181 -0.846985 1.071551 
0.653437 -0.844705 1.074294 
0.714887 -0.786100 1.060994 
0.516745 -0.750024 1.059999 
0.255846 -0.301876 0.927902 
0.534558 -0.618605 1.026508 
0.519718 -0.749255 1.050497 
0.695229 -0.734795 1.035477 
0.588199 -0.562597 1.009365 
0.728287 -0.660290 1.023000 
0.715519 -0.786358 1.066402 
0.695079 -0.734753 1.038732 
0.544925 -0.248076 0.937247 
0.658290 -0.307718 0.939675 
0.658144 -0.227130 0.927202 
0.724127 -0.917122 1.069756 
0.677369 -0.396721 0.955634 
0.393931 -0.974935 1.137023 
0.044149 -0.019332 0.878398 
0.046300 -0.021871 0.876468 
0.555452 -0.860716 1.067055 
0.303310 -0.937656 1.093283 
0.699939 -0.848306 1.088750 
0.527525 -0.746284 1.051669 
0.270622 -0.697669 1.061671 
0.274181 -0.966031 1.132444 
0.607747 -0.835289 1.074687 
0.343533 -1.026979 1.147874 
0.163755 -0.974432 1.186361 
0.444295 -0.618930 1.006783 
0.592315 -0.804725 1.111414 
0.264555 -0.696533 1.070273 
0.268661 -0.871065 1.112465 
-0.023841 -0.326984 1.008552 
0.541193 -0.794386 1.068458 
0.413008 -0.872946 1.106263 
0.407755 -0.875614 1.103859 
0.533544 -0.226844 0.952984 
0.618391 -0.936127 1.111954 
0.325663 -0.744459 1.060977 
0.724308 -0.922432 1.089206 
0.682000 -0.596866 0.981736 
0.269968 -0.970135 1.139266 
0.677203 -0.445023 0.968123 
0.585634 -0.497801 0.993396 
0.685270 -0.594641 0.992671 
0.303472 -0.774843 1.080205 
0.564100 -0.117794 0.911736 
0.708927 -0.956508 1.128800 
0.722803 -0.929030 1.110326 
0.636068 -0.777237 1.066685 
0.564736 -0.120258 0.909784 
0.697253 -0.730055 1.024581 
0.726538 -0.658029 1.034083 
0.563386 -0.117271 0.915369 
0.283808 -0.970230 1.137308 
0.616247 -0.932808 1.109460 
0.715539 -0.783889 1.069954 
0.623029 -0.925060 1.080212 
0.637203 -0.774751 1.058385 
0.469248 -0.885632 1.073264 
0.707700 -0.913800 1.063676 
0.268769 -0.876107 1.115062 
0.090457 -0.691880 1.078815 
0.157036 -0.914054 1.131118 
0.058261 -0.649420 1.098699 
0.590536 -0.905053 1.093101 
0.176335 -1.056548 1.228643 
0.272293 -0.982939 1.141442 
0.465015 -0.827705 1.090088 
0.386909 -0.627081 1.011806 
0.655132 0.028242 0.811843 
0.656567 0.020630 0.802467 
0.297887 -0.772227 1.086662 
0.251401 -0.348608 0.933201 
0.546117 -0.050215 0.869281 
0.005876 -0.391525 1.009459 
0.022638 -0.377064 0.981840 
0.270208 -0.989837 1.138948 
0.386471 -0.903396 1.095425 
0.682707 -0.394073 0.958701 
0.416894 0.103109 0.861429 
0.633161 0.158328 0.871999 
0.563766 -0.123452 0.910855 
0.696041 -0.731296 1.048478 
0.652438 -0.836477 1.058693 
0.707865 -0.961840 1.148709 
0.472032 -0.764302 1.065589 
0.557521 -0.594050 0.981793 
0.437548 -0.618180 1.027475 
0.607268 -0.982333 1.120431 
0.269554 -0.698538 1.065574 
0.271692 -0.968788 1.135894 
0.656096 -0.301405 0.951976 
0.309080 -0.816376 1.047475 
0.583908 -0.392789 0.967824 
0.547315 -0.258179 0.919227 
0.140130 -0.928094 1.161412 
0.558648 -0.107446 0.933232 
0.479411 -0.855687 1.088019 
-0.008215 -0.384573 1.022224 
0.512694 -0.748393 1.073879 
0.261462 -0.950290 1.123182 
-0.098062 0.083636 0.859056 
-0.099886 0.084638 0.860722 
-0.101502 0.085075 0.861027 
0.032168 -0.696293 1.099868 
0.574559 -0.611772 1.034614 
0.436444 -0.801816 1.080536 
0.259615 -0.837276 1.108543 
0.546710 -0.561188 1.073094 
0.136457 -1.007996 1.149401 
0.118416 0.032946 0.886829 
0.218644 0.068330 0.866601 
0.430641 -0.614822 1.021949 
0.220122 0.065975 0.864380 
0.221024 0.063667 0.863512 
0.502032 -0.621618 1.010745 
0.540983 -0.034560 0.881247 
0.008042 -0.376114 0.992669 
0.219587 -0.997943 1.138866 
0.393706 -0.628081 1.005183 
0.219940 0.065376 0.864636 
0.420818 0.094501 0.853675 
0.114336 -1.059341 1.171020 
0.583542 -0.391656 0.976294 
0.390380 -0.951340 1.124351 
0.285170 -0.907732 1.124146 
0.551052 -0.838776 1.066254 
0.430067 -0.816603 1.095986 
-0.122664 -0.021795 0.913087 
-0.043033 -0.563733 1.050476 
-0.084421 -0.207567 0.960322 
0.707466 -0.914389 1.064761 
0.431807 -0.778995 1.077433 
0.287500 -0.906265 1.117694 
0.389867 -0.742877 1.065739 
0.361477 -0.970442 1.116050 
0.266801 -0.306370 0.927037 
0.431679 -0.778206 1.076723 
0.543322 -0.806911 1.055757 
0.372145 -0.876307 1.100266 
0.031034 -1.022533 1.183108 
0.031384 -1.024000 1.182305 
-0.143765 0.057238 0.891820 
0.548358 -0.870548 1.097038 
0.316750 -0.942994 1.134428 
0.481228 0.126196 0.835788 
-0.057160 0.003630 0.875629 
0.556195 -0.863852 1.070132 
0.530156 -0.797615 1.069804 
0.585187 -0.497600 0.995075 
0.161220 0.048527 0.885970 
0.314585 -0.898901 1.114213 
0.518564 0.069137 0.845030 
0.159121 0.051579 0.888524 
0.318177 -0.942018 1.132573 
0.390299 0.099067 0.825493 
0.536756 -0.615495 1.021491 
0.122398 0.230461 0.990343 
0.514553 -0.250547 0.957941 
0.582483 -0.564751 1.016087 
0.257352 0.011011 0.818366 
0.421685 0.102263 0.856414 
0.209487 -0.697653 1.036771 
-0.021742 -0.574062 1.042741 
0.067203 -0.732312 1.046288 
0.606509 -0.986592 1.135776 
0.553589 -0.590602 1.001014 
-0.092546 -0.198096 0.966239 
0.178920 -1.020560 1.210579 
-0.013712 -0.575421 1.034228 
-0.039341 -0.411635 1.010187 
-0.072099 -0.066576 0.872648 
-0.167368 0.136494 0.823564 
0.606157 -0.987651 1.139815 
-0.025939 -0.418860 0.994874 
-0.153754 -0.347461 1.010285 
0.109014 -0.030601 0.846766 
-0.058097 -0.543460 1.074137 
0.544196 -0.623034 0.990368 
0.300336 -0.771440 1.082305 
-0.114808 -0.488450 1.081655 
-0.092366 -0.045434 0.888754 
-0.114860 0.064040 0.855398 
0.104093 0.134733 0.955876 
-0.152804 -0.525682 1.165740 
0.284124 -0.908188 1.116419 
0.197723 0.019300 0.853378 
-0.184022 0.127606 0.907421 
-0.000505 -0.517845 0.965458 
0.103075 -0.697380 1.014125 
0.472229 -0.198033 0.965453 
-0.075545 0.012199 0.889198 
0.279364 -1.021292 1.160225 
0.307524 -0.813158 1.089816 
0.296049 -0.775991 1.095023 
0.416964 -0.869799 1.089844 
0.390727 -0.939941 1.120435 
0.080168 -0.864870 1.122126 
0.419338 -0.917581 1.112829 
0.120580 -0.743877 1.093279 
0.415208 0.102781 0.861734 
0.305379 -0.758883 1.090734 
0.220543 -1.024252 1.152356 
0.309380 -0.950868 1.125823 
0.208747 -1.032652 1.174010 
0.173429 0.041706 0.866330 
0.280994 -1.019198 1.155345 
0.417372 0.105789 0.859901 
0.253036 -0.848517 1.103666 
0.224732 -1.084001 1.191626 
0.621375 -0.932902 1.101513 
0.065429 0.024417 0.883098 
0.057637 0.042622 0.906306 
0.251127 -0.848343 1.106663 
0.129892 -1.010842 1.161496 
-0.046685 -0.958248 1.208740 
-0.039189 -0.954802 1.196796 
0.269084 -0.343326 0.935836 
-0.110348 -0.035162 0.902768 
-0.220171 -0.145061 0.933937 
0.271789 -0.319160 0.901284 
-0.077243 -0.994914 1.202614 
-0.117726 -0.571482 1.075362 
-0.121756 0.040526 0.876851 
0.269819 -0.318374 0.925743 
0.360697 0.096283 0.808756 
0.258782 -0.933676 1.124074 
0.503289 -0.235829 0.925648 
-0.143108 -0.881905 1.176881 
-0.214090 -0.149008 0.929570 
0.357767 -0.749041 1.073034 
0.302395 -0.973853 1.130535 
0.480396 -0.221821 0.924958 
-0.089396 -0.298710 0.990428 
-0.267086 0.099802 0.882232 
0.529721 -0.695643 1.078583 
0.215826 -1.030017 1.165380 
-0.027894 -0.516667 0.996082 
-0.025079 -1.045364 1.260226 
-0.057992 -0.506598 1.026518 
0.166385 -1.041696 1.195162 
-0.118227 -0.877044 1.150584 
0.258795 -0.343818 0.948331 
0.416384 -0.918839 1.099847 
0.435799 -0.817300 1.083999 
-0.135383 -0.704810 1.123410 
0.533039 -0.362064 0.915870 
-0.137035 -0.056447 0.840928 
-0.036210 -0.513037 1.004342 
0.384759 -0.649428 1.019373 
0.260591 -1.003231 1.082864 
-0.150934 -0.662798 1.085925 
0.547061 -0.870398 1.099782 
0.254482 -0.891667 1.120202 
0.358933 -0.769783 1.100282 
0.257879 -0.949710 1.127679 
0.410042 -0.922449 1.120213 
0.310348 -0.900273 1.122454 
0.256383 -0.983890 1.198391 
0.462536 -0.812308 1.136971 
0.586050 -0.729318 0.861907 
-0.007865 -0.946146 1.155869 
-0.121466 -0.877081 1.155233 
0.040937 -1.084793 1.172098 
-0.018748 -1.043715 1.252181 
-0.146925 -0.415819 0.992771 
0.009296 -0.401001 1.010366 
0.293920 -0.818120 1.079615 
0.322083 -0.950799 1.120229 
0.281206 -0.362948 0.929081 
0.708949 -0.684119 0.318080 
0.505922 0.113312 0.877660 
-0.116703 -0.607827 1.060651 
0.379507 0.092248 0.853852 
-0.105540 0.086626 0.860745 
-0.205875 -0.389809 1.042320 
-0.096012 -0.572948 1.058417 
-0.142971 -0.411690 0.988663 
-0.012835 -0.946405 1.154903 
-0.235198 -0.315793 1.077242 
0.373437 0.102639 0.860233 
0.350593 -0.650581 1.048669 
0.152341 -0.928128 1.148916 
0.429805 -0.776249 1.072388 
0.472969 -0.840631 1.089391 
0.297066 -0.913798 1.125701 
0.139442 0.011093 0.868566 
0.083539 -0.697137 1.082867 
0.202461 -0.685301 1.066180 
0.127380 0.023467 0.879406 
0.608671 -0.605342 1.034354 
0.204888 -0.684871 1.063254 
0.107197 -1.066072 1.185642 
-0.070405 -0.055735 0.904478 
0.602241 -0.957323 1.105511 
0.314634 -0.636294 1.025031 
0.420988 -0.929381 1.109957 
0.115926 0.032607 0.885834 
0.555567 -0.077983 0.911341 
0.411543 0.118146 0.870671 
0.529530 -0.671992 1.035284 
0.470248 -0.909116 1.088970 
-0.175270 0.089576 0.865269 
0.656588 -0.757622 0.527149 
-0.130421 0.076974 0.864893 
0.111982 -1.069415 1.289112 
0.154602 -0.670145 1.047458 
0.320949 0.139302 0.844087 
0.159043 -0.670453 1.040154 
0.601094 -0.652361 1.045368 
0.150032 -0.811107 1.116760 
0.329217 -0.971106 1.131544 
0.521033 -0.648293 1.036948 
0.071497 -0.959807 1.157822 
0.529052 -0.815608 1.099998 
0.308045 -0.781351 1.093284 
0.542199 -0.250432 0.928913 
0.545427 -0.858703 1.087089 
0.315938 -0.778827 1.080933 
0.371433 -0.847057 1.093722 
0.319345 0.097330 0.847877 
0.265726 -0.328639 0.888971 
0.459457 -0.890108 1.100829 
0.436401 -0.802852 1.081826 
0.318573 0.098458 0.848788 
0.473081 -0.840691 1.090769 
0.292177 -0.772072 1.081325 
0.525104 -0.660040 1.042646 
0.311489 -0.937079 1.134285 
0.295792 -0.913506 1.129058 
-0.009093 -0.497625 1.038741 
-0.009884 -0.497935 1.040052 
0.484127 -0.844396 1.326263 
-0.172139 -0.291472 0.988267 
-0.124497 -0.877218 1.164527 
-0.001964 -0.794326 1.105835 
0.613710 -0.971666 1.079652 
-0.060774 -0.555811 1.057521 
0.000592 -1.007874 1.186081 
0.256705 -0.318253 0.905942 
0.327654 0.218567 1.113448 
0.157847 -0.743617 1.082595 
0.309079 -0.759268 1.082315 
0.263994 -0.355590 0.934999 
0.423712 -0.774911 1.077629 
0.301903 -0.752559 1.077529 
0.304975 -0.952045 1.132712 
0.277091 -0.827526 1.104555 
