2260
-0.024916 -0.326730 1.010457 
0.524005 0.079414 0.861206 
0.516905 0.062081 0.858682 
0.222750 -0.402864 1.051432 
0.258398 -0.429159 1.083175 
-0.374852 -0.623711 1.086864 
0.374946 0.063098 0.865288 
-0.513415 -0.418178 1.079433 
-0.133793 -0.415751 1.011858 
-0.299933 -0.502309 1.024107 
-0.376927 -0.387144 1.031786 
-0.251634 -0.052055 0.916780 
-0.087580 -0.173225 0.975395 
-0.410272 -0.270470 1.013438 
0.330333 -0.477793 1.055187 
0.265680 -0.492574 1.086603 
-0.010673 -0.435340 0.985344 
-0.027003 -0.379383 0.986892 
0.104625 -0.348692 0.961765 
0.251593 -0.708966 1.196748 
0.364636 -0.641264 1.152727 
0.051938 -0.620937 1.068461 
0.433773 -0.537127 1.087569 
0.470759 -0.628444 1.157127 
0.183562 -0.024677 0.910819 
0.247054 0.045410 0.868871 
0.016233 -0.323016 1.022532 
0.019954 -0.115168 0.953975 
0.555316 -0.013023 0.903946 
0.583321 0.044826 0.871616 
0.466015 -0.034265 0.913560 
0.399132 -0.032481 0.917229 
0.289131 0.081051 0.851557 
0.551530 -0.213885 0.985052 
0.550601 -0.323625 1.039814 
0.535263 -0.156983 0.973886 
0.363004 -0.243599 1.009569 
0.490528 -0.226972 1.004857 
0.332028 -0.106609 0.945625 
0.387011 -0.199038 0.983471 
-0.333722 -0.152512 0.951783 
0.263273 -0.599550 1.140324 
-0.110841 -0.508499 1.105760 
0.281500 -0.338949 1.044048 
0.300291 -0.374085 1.058437 
0.110932 -0.291074 0.984365 
-0.390732 -0.595281 1.065167 
-0.376437 -0.734172 1.130367 
0.512650 0.035544 0.884571 
0.475214 0.062619 0.867697 
-0.319060 -0.516890 0.975329 
0.109911 -0.438926 0.959607 
0.012599 -0.546708 1.007260 
-0.427166 -0.554845 1.046980 
-0.424036 -0.155963 0.956432 
-0.039112 -0.147967 0.959416 
0.278896 -0.413252 1.070287 
0.752482 -0.624734 1.210893 
0.490559 -0.563930 1.095246 
0.543887 -0.597656 1.121508 
0.142544 -0.090562 0.944434 
-0.502360 -0.005029 0.868382 
-0.485573 -0.672586 1.123786 
-0.244948 -0.520401 1.025381 
0.219223 -0.397048 1.035503 
0.448344 0.040230 0.876183 
0.362792 -0.242536 1.006794 
0.466589 -0.621909 1.145022 
-0.087875 -0.172984 0.972389 
-0.330466 -0.254519 0.986780 
-0.412310 -0.272506 1.017954 
-0.482666 -0.740220 1.156316 
0.103816 -0.186901 0.989502 
-0.280234 -0.184649 0.946213 
-0.313957 -0.464141 0.941940 
-0.192312 -0.014536 0.899862 
-0.162414 -0.072987 0.920265 
0.584693 -0.179177 0.947994 
-0.509682 -0.390378 1.062333 
0.373407 -0.658065 1.183092 
-0.183067 -0.351237 1.088490 
-0.056129 -0.071972 0.916972 
0.202310 -0.199857 0.998047 
-0.236078 -0.552570 1.059805 
-0.208033 -0.669685 1.115511 
-0.059464 -0.380282 1.012860 
-0.208400 -0.448729 0.956256 
-0.217398 -0.438461 0.939920 
-0.297036 -0.446489 0.960003 
-0.112429 -0.510228 1.108389 
0.250762 -0.705669 1.190265 
-0.451202 -0.686227 1.123767 
0.162842 -0.370202 0.985497 
0.013604 -0.528740 0.974714 
0.523213 0.062356 0.871821 
-0.510329 -0.006447 0.879770 
-0.056047 -0.074355 0.925873 
-0.533690 -0.062411 0.921842 
0.466326 -0.624148 1.147065 
-0.251326 -0.685905 1.052271 
0.103110 -0.346868 0.955983 
0.477461 -0.376699 1.064381 
-0.028583 -0.159010 1.014456 
-0.180669 -0.349389 1.079872 
-0.158543 -0.478351 0.960155 
0.357963 -0.615205 1.109942 
-0.349105 -0.695862 1.073311 
0.403376 -0.469582 1.057962 
-0.020499 -0.550533 0.974101 
-0.247859 -0.640023 1.085956 
0.106417 -0.475545 0.967448 
-0.105865 -0.613134 1.078018 
-0.218686 -0.439402 0.941835 
0.250046 -0.706497 1.192570 
-0.064792 -0.505524 1.005563 
-0.411102 -0.036311 0.905595 
0.543024 -0.604301 1.131088 
-0.533227 -0.427066 1.070948 
-0.088709 -0.171474 0.968548 
-0.160609 -0.482104 0.967054 
-0.190499 -0.138372 0.963608 
-0.472877 -0.032574 0.888988 
0.530384 -0.154378 0.960787 
-0.425842 0.009613 0.856355 
-0.512013 -0.417396 1.079000 
-0.180048 -0.348545 1.076303 
-0.204995 -0.369970 1.010916 
0.386338 -0.200709 0.987060 
-0.278409 -0.185412 0.946325 
-0.022156 -0.299881 1.032422 
-0.111388 -0.772042 1.181635 
0.245696 0.044354 0.867685 
-0.165945 -0.073455 0.927789 
-0.297918 -0.437259 0.941515 
0.381009 -0.411528 1.077598 
0.025455 -0.469828 0.952613 
-0.079320 -0.339947 1.045638 
-0.466365 -0.575223 1.064742 
-0.486256 -0.568647 1.047787 
-0.222028 -0.444059 0.950250 
-0.063366 -0.500503 0.994175 
-0.391248 -0.596187 1.067769 
0.263400 -0.593921 1.130677 
0.248373 -0.698339 1.178794 
-0.335534 -0.153076 0.957879 
-0.471298 -0.032962 0.883450 
0.534402 -0.156795 0.967480 
0.017804 -0.115851 0.953802 
-0.056598 -0.073882 0.917326 
-0.471085 -0.411769 1.062535 
0.471147 -0.375071 1.053844 
0.527747 -0.424985 1.086468 
0.590206 -0.110403 0.941206 
-0.159453 -0.548149 1.002992 
-0.182181 -0.351145 1.084636 
-0.457067 -0.697549 1.141423 
-0.062860 -0.385928 1.017044 
0.329468 -0.486542 1.077349 
0.209540 -0.380874 1.056735 
0.251339 -0.427573 1.073349 
0.452485 -0.178864 0.981982 
0.488718 -0.227939 1.008689 
0.361602 -0.240776 1.004084 
0.198262 -0.193113 0.975323 
-0.524940 -0.288593 1.010144 
-0.410544 -0.035601 0.902152 
0.254493 -0.100637 0.955917 
-0.296822 -0.441075 0.945803 
-0.114822 -0.785018 1.199905 
0.401254 -0.471891 1.055465 
-0.435420 -0.670824 1.096886 
-0.190255 -0.381587 1.027532 
0.068064 -0.102280 0.944698 
0.385325 -0.433085 1.121389 
-0.492024 -0.574764 1.057277 
-0.112249 -0.482707 1.019284 
0.010876 -0.329785 1.031104 
-0.040030 -0.353891 1.024986 
0.364604 -0.635469 1.149698 
0.557630 -0.015099 0.907357 
0.030724 -0.274604 1.003988 
0.145754 -0.070865 0.935245 
-0.046163 -0.152690 0.976686 
-0.603983 -0.203149 0.968549 
-0.441908 0.004944 0.881313 
-0.371908 -0.384315 1.026873 
-0.013814 -0.431211 0.972201 
0.402346 -0.418840 1.066269 
0.381672 -0.422551 1.098001 
0.010410 -0.328420 1.026771 
0.086529 -0.334176 1.064192 
0.282938 -0.417921 1.070539 
0.059606 -0.637702 1.094932 
0.242933 -0.692628 1.170577 
0.362907 -0.237960 1.001754 
0.537443 -0.159078 0.965787 
0.326721 -0.111150 0.944513 
0.107271 -0.187501 0.982211 
-0.465722 -0.580296 1.068850 
-0.027494 -0.556276 0.987749 
-0.261554 -0.517050 1.033242 
-0.302837 -0.591594 1.045415 
0.162240 -0.389341 1.007628 
0.116321 -0.564805 1.007664 
-0.373359 -0.554964 1.042346 
0.454401 -0.036330 0.908707 
-0.279275 -0.192871 0.962100 
-0.051477 -0.077858 0.908647 
-0.212415 -0.668833 1.106480 
-0.250909 -0.350350 0.953134 
-0.122262 -0.417780 1.038745 
-0.463472 -0.714237 1.164510 
-0.418914 -0.670007 1.088332 
0.401164 -0.463709 1.047156 
-0.244717 -0.634990 1.078171 
0.201783 -0.197598 0.987188 
0.310243 0.053615 0.866805 
0.526342 -0.422793 1.083354 
-0.207558 -0.218962 0.982567 
-0.516571 -0.145203 0.952150 
-0.011043 -0.434963 0.984802 
-0.001105 -0.213663 0.995039 
0.439919 0.067391 0.866439 
0.287853 -0.586708 1.131549 
0.026334 -0.463591 0.942877 
-0.463685 -0.175204 0.954867 
0.448124 0.040298 0.875226 
-0.034266 -0.355115 1.022961 
0.541103 0.058738 0.866658 
0.453057 -0.175730 0.979796 
-0.370994 -0.008876 0.873115 
0.437110 0.068657 0.864095 
0.398493 -0.032298 0.912763 
-0.104506 -0.044965 0.917114 
-0.393920 -0.599386 1.074130 
-0.246560 -0.211147 0.986751 
-0.622158 -0.209271 0.999824 
-0.508622 -0.391314 1.058669 
0.030459 -0.275019 1.010005 
-0.237182 -0.550687 1.055075 
-0.282685 -0.193489 0.968525 
-0.027441 -0.566852 1.004333 
-0.211288 -0.674089 1.119048 
-0.218321 -0.254587 0.996149 
0.525823 -0.424082 1.075522 
-0.213779 -0.678719 1.124656 
0.468927 -0.636104 1.162705 
-0.125731 -0.723021 1.136659 
0.024027 -0.476036 0.955814 
0.209611 -0.319678 1.047587 
0.115629 -0.641815 1.103418 
0.404212 -0.147682 0.958731 
0.283522 -0.185947 0.989303 
-0.256793 -0.698350 1.070844 
-0.160710 -0.744704 1.141695 
0.235693 -0.359478 1.063326 
0.505409 0.077810 0.860258 
0.448158 -0.365253 1.065886 
0.210368 -0.318057 1.043171 
0.251701 -0.422912 1.063798 
-0.444903 -0.707513 1.154845 
-0.023533 -0.349957 1.020436 
-0.165684 -0.714634 1.147867 
0.112179 -0.041903 0.920038 
0.171144 -0.711439 1.208946 
0.195912 -0.500369 1.016493 
0.327121 -0.481730 1.071089 
0.110856 -0.044241 0.919378 
0.427777 -0.140099 0.934423 
0.278441 -0.183636 0.979257 
-0.295620 -0.579081 1.033357 
0.221416 -0.070181 0.936110 
-0.467900 -0.173498 0.952796 
-0.393640 -0.249143 1.029448 
-0.472861 -0.412663 1.060653 
0.164894 -0.584977 1.119872 
-0.414593 -0.034323 0.904282 
-0.246588 -0.051536 0.914398 
-0.222487 -0.445569 0.953405 
-0.156524 -0.693922 1.115714 
-0.014988 -0.468530 0.953642 
-0.459013 -0.553460 1.045554 
0.562259 -0.555375 1.119039 
-0.026551 -0.330928 1.019483 
0.312016 -0.592542 1.138166 
0.558501 -0.550152 1.111723 
0.077358 -0.427959 0.943904 
0.162889 -0.573683 1.102151 
-0.488205 -0.675774 1.128010 
-0.296688 -0.581952 1.035669 
-0.663131 -0.629733 1.217273 
-0.247273 -0.054364 0.913609 
-0.227010 -0.441114 0.964124 
0.403812 -0.034842 0.921647 
0.025923 -0.466423 0.942201 
0.276160 -0.341228 1.052212 
-0.169206 -0.575920 1.049374 
0.287982 0.080896 0.853007 
0.222654 -0.070755 0.930388 
-0.192351 -0.141772 0.968933 
0.243403 0.043515 0.867419 
0.101947 -0.049278 0.920353 
0.253418 -0.092907 0.937352 
0.371465 -0.638065 1.150531 
-0.499410 -0.724017 1.147281 
0.256669 -0.424659 1.071263 
-0.116250 -0.578047 1.067932 
0.149344 -0.068533 0.932822 
0.340691 -0.508475 1.072297 
0.225634 -0.580464 1.140669 
-0.494142 -0.683669 1.141468 
-0.229080 -0.638821 0.983205 
-0.248464 -0.632284 1.068934 
-0.533387 -0.427361 1.071505 
-0.062796 -0.030731 0.917938 
0.031954 -0.272300 1.002320 
0.101258 -0.386344 0.966504 
-0.200530 -0.649926 1.088317 
0.558003 0.038312 0.880838 
0.108194 -0.465570 0.952922 
-0.382763 0.080285 0.816197 
0.054045 -0.606849 1.048055 
0.220624 -0.566493 1.114589 
0.475380 0.062711 0.867633 
0.591077 -0.107339 0.942678 
0.462190 -0.034204 0.908064 
-0.131352 -0.134075 0.954084 
0.031568 -0.273525 1.004073 
0.570820 -0.435142 1.108339 
-0.288484 -0.159910 0.944240 
-0.294260 -0.580785 1.039173 
0.031957 -0.271681 1.000121 
-0.174958 -0.322957 1.097099 
0.309074 -0.590576 1.130827 
0.536455 0.057339 0.868970 
0.639025 0.034570 0.871784 
0.010935 -0.326927 1.024763 
0.053935 -0.600116 1.034240 
0.376552 0.058639 0.867785 
0.362115 -0.579247 1.112933 
0.040862 -0.502831 0.947097 
-0.511160 -0.150198 0.954347 
0.245918 0.043468 0.871904 
0.259533 -0.587515 1.139789 
-0.405260 -0.035949 0.899230 
0.378731 -0.582892 1.124288 
0.319534 -0.419349 1.085827 
-0.467677 -0.536777 1.072205 
0.261150 -0.588862 1.142743 
-0.042483 -0.149349 0.964950 
-0.096164 -0.353426 1.043436 
0.227733 -0.037700 0.904519 
0.300505 -0.375887 1.060309 
-0.517906 -0.008349 0.890436 
-0.224373 -0.435592 0.952356 
-0.121639 -0.020490 0.896337 
0.275425 -0.339364 1.046864 
-0.364835 -0.550190 1.027327 
-0.255784 -0.649925 1.101898 
0.561149 -0.554608 1.116777 
-0.052313 -0.596905 1.064381 
-0.093366 -0.172927 0.972495 
-0.184637 -0.337770 1.119255 
-0.063800 -0.315220 1.067127 
0.598092 -0.587394 1.175081 
-0.062278 -0.023979 0.912877 
-0.146809 -0.754997 1.155269 
0.548187 0.092998 0.853924 
-0.383249 -0.609467 1.075290 
0.117156 -0.641067 1.102601 
-0.084534 -0.018193 0.893070 
-0.600209 -0.272891 1.029569 
0.132087 -0.485213 0.969536 
0.475007 0.063375 0.865041 
-0.657096 -0.595927 1.162294 
0.142727 -0.476468 0.996071 
0.590134 -0.108189 0.939524 
0.616788 0.069739 0.861788 
-0.400319 0.063815 0.856537 
0.279142 -0.341298 1.052138 
0.743284 -0.565468 1.240715 
-0.463281 -0.573053 1.059079 
0.652265 -0.442446 1.177674 
-0.128320 -0.503283 0.980194 
-0.514552 -0.398833 1.066907 
0.068407 -0.100245 0.941537 
0.447009 -0.364436 1.063146 
0.041389 -0.338502 1.002217 
0.208163 -0.370126 1.022120 
0.164754 -0.594227 1.139869 
0.336888 -0.426246 1.084521 
0.257686 -0.442575 1.108993 
0.436117 0.070661 0.863602 
0.562966 -0.011887 0.872346 
-0.440706 -0.551905 1.041956 
0.341380 -0.509899 1.074528 
0.398255 0.071505 0.859359 
0.510642 -0.172888 0.971915 
0.237553 -0.147419 0.962406 
0.292884 -0.194648 0.988353 
0.113295 -0.039653 0.917229 
0.514626 0.061889 0.854211 
0.477770 -0.375088 1.060769 
-0.239536 -0.155096 0.965494 
0.234560 -0.449628 1.072860 
0.397868 0.070569 0.860150 
0.299208 -0.487598 1.075353 
-0.132742 -0.136960 0.960798 
0.280047 -0.416402 1.073130 
-0.134568 -0.424801 1.054665 
0.453519 -0.627289 1.113841 
-0.117408 -0.543545 1.007392 
-0.463927 -0.536984 1.071667 
0.006812 -0.382883 0.975800 
0.552154 -0.480521 1.049452 
-0.260655 -0.601470 1.015499 
-0.498592 -0.581715 1.069257 
0.619560 0.068427 0.867033 
0.398783 0.071302 0.862038 
0.015045 -0.317613 1.003409 
0.068299 -0.097774 0.941380 
-0.468906 -0.068293 0.917707 
-0.456690 -0.109181 0.928287 
-0.034562 -0.352697 1.016420 
-0.353584 -0.534606 1.000310 
-0.273998 -0.347524 1.020788 
0.213468 -0.317980 1.036460 
0.382328 -0.411570 1.077367 
0.109405 -0.288028 0.965497 
0.514707 0.060641 0.861509 
-0.470496 -0.176251 0.961470 
0.683911 -0.013760 0.971639 
-0.302468 -0.572132 1.021353 
-0.212430 -0.676428 1.127067 
0.311172 -0.585985 1.128217 
0.643034 0.034439 0.876692 
-0.458563 -0.105712 0.927797 
0.336389 0.072769 0.859733 
-0.162739 -0.191981 1.022149 
-0.026255 -0.330266 1.016805 
0.087279 -0.105319 0.938055 
0.298533 -0.489253 1.072150 
-0.205443 -0.371919 1.012353 
0.616580 -0.231178 1.000920 
0.068837 -0.252646 1.008773 
0.003552 -0.381481 0.972815 
0.070076 -0.249205 0.996544 
0.006001 -0.382634 0.973840 
0.162564 -0.367940 1.006729 
-0.160670 -0.481493 0.966451 
0.194260 -0.353182 1.014902 
-0.220168 -0.440600 0.943418 
0.478282 0.066423 0.869341 
-0.023751 -0.516576 0.924972 
-0.060124 -0.069879 0.928760 
0.547104 0.035329 0.877042 
-0.518455 -0.282535 0.997941 
0.164614 -0.594116 1.141038 
0.008372 -0.326935 1.029001 
0.114945 -0.274703 0.992347 
0.161884 -0.379864 1.007726 
-0.188018 -0.134392 0.951832 
-0.527346 -0.284324 1.008147 
0.523110 0.079805 0.856946 
0.114276 -0.278022 1.003924 
-0.375273 -0.388873 1.040276 
0.560708 -0.005075 0.899583 
-0.205697 -0.217848 0.978034 
-0.356391 -0.010798 0.880129 
-0.490323 -0.323215 1.027036 
-0.027303 -0.331763 1.014667 
-0.013707 -0.433566 0.979669 
0.551448 -0.324234 1.041586 
-0.103288 -0.620074 1.105698 
0.077396 -0.428425 0.945108 
0.686669 0.111317 0.857298 
-0.058129 -0.620326 1.110978 
-0.113030 -0.554172 1.092573 
0.642035 0.033423 0.877873 
-0.286022 -0.574807 1.021637 
0.480999 0.084446 0.857162 
0.335934 0.073036 0.858847 
0.052913 -0.307350 1.014641 
0.352862 -0.609064 1.148447 
-0.262574 -0.284980 1.015505 
0.429441 -0.530737 1.076754 
-0.177455 -0.016105 0.881655 
-0.274275 -0.188353 0.951666 
0.589043 -0.013448 0.917874 
0.504423 0.095616 0.852126 
-0.344945 -0.295602 1.023189 
0.180812 -0.520155 1.054272 
0.325281 0.095123 0.847092 
-0.314339 -0.527320 0.980366 
0.021093 -0.482480 0.956440 
-0.247656 -0.360579 1.003890 
0.311264 -0.591598 1.133715 
-0.275736 -0.191126 0.958996 
-0.027532 -0.380095 0.988667 
-0.391153 -0.616895 1.079561 
0.387486 0.091594 0.850086 
0.859488 0.037643 1.196617 
0.447041 -0.362083 1.059696 
0.455064 -0.182256 0.990543 
0.408557 0.057752 0.869045 
0.301633 -0.492792 1.076799 
-0.271986 -0.190963 0.954170 
0.150633 -0.220807 1.000601 
0.204467 -0.403525 1.069457 
-0.264240 -0.284750 1.017224 
-0.120178 -0.017519 0.897475 
0.515735 -0.395923 1.041220 
0.056327 -0.290673 1.015513 
0.442411 -0.533516 1.070312 
0.133202 -0.451474 0.966687 
0.089203 -0.107471 0.952477 
0.525372 -0.421295 1.080320 
0.212267 -0.320036 1.046508 
0.446727 0.040821 0.874967 
0.514278 0.035176 0.878483 
-0.031744 -0.292134 0.992751 
-0.110271 -0.547891 1.081155 
0.164371 -0.583643 1.123526 
-0.243960 -0.415925 0.924260 
0.667293 0.097104 0.847978 
-0.328776 -0.104228 0.926416 
-0.379028 0.080204 0.811286 
-0.019288 -0.509372 0.924514 
-0.172573 -0.345009 1.060869 
0.461441 -0.036169 0.914338 
0.056090 -0.331880 0.993818 
0.355966 0.096639 0.848498 
-0.678397 -0.607143 1.183339 
-0.316481 -0.467259 0.947608 
0.544911 0.091823 0.854145 
0.195364 -0.589687 1.096732 
0.167823 -0.692655 1.179349 
0.225148 -0.072753 0.929664 
-0.057229 -0.300106 1.017339 
0.577273 -0.038004 0.915747 
0.487052 -0.224930 0.998574 
0.490610 -0.564753 1.096987 
0.573870 -0.037247 0.909009 
0.442704 -0.535285 1.075024 
0.250677 -0.427225 1.071988 
0.198745 -0.196636 0.996300 
0.548790 -0.618079 1.152571 
0.008333 -0.244466 1.002335 
0.396646 -0.470809 1.048864 
-0.116615 -0.544214 1.017691 
0.847360 0.112089 1.014264 
-0.248246 -0.361366 1.003907 
0.515192 0.062568 0.858533 
0.281573 -0.184357 0.983176 
0.047659 -0.084467 0.763612 
-0.151207 -0.297377 1.023285 
0.106262 -0.464255 0.945923 
0.186124 -0.513650 1.043804 
0.087443 -0.103742 0.932613 
0.208408 -0.561117 1.079211 
0.416604 0.114207 0.840586 
-0.438834 -0.254877 1.008009 
0.355859 0.096513 0.846765 
0.837614 -0.006904 1.059161 
-0.003409 -0.205756 0.981175 
-0.037270 -0.378886 0.990666 
-0.480561 -0.207065 0.992225 
0.054067 -0.294078 1.019367 
0.383918 -0.412716 1.078484 
0.450435 -0.012300 0.913886 
-0.484103 -0.209846 0.998181 
0.516182 0.093785 0.853895 
0.876250 -0.095567 1.101778 
0.038403 -0.494004 0.950935 
0.323248 -0.224103 0.995739 
-0.258445 -0.541944 1.065326 
-0.459684 -0.204483 0.966178 
0.144771 -0.413204 1.015237 
0.872325 0.109160 1.062706 
0.508488 0.083861 0.858420 
0.355993 0.057484 0.868820 
0.415184 -0.425803 1.082548 
0.375525 0.059588 0.861483 
0.325228 -0.222844 1.005554 
0.139772 -0.674321 1.184577 
0.358906 -0.546001 1.107615 
-0.250355 -0.209500 0.978949 
0.077806 -0.116805 0.974007 
0.560543 -0.420559 1.071310 
0.013819 -0.554341 1.021170 
0.255810 -0.589657 1.132205 
-0.173831 -0.318906 1.094381 
-0.119102 -0.420372 1.036311 
0.526112 -0.425649 1.084551 
0.110874 -0.290388 0.999358 
0.288908 0.081770 0.851377 
0.419766 0.110758 0.842060 
0.415694 0.115242 0.838830 
0.891456 -0.101605 1.119579 
-0.189609 -0.140382 0.959058 
0.475439 0.063035 0.868591 
0.579919 -0.010722 0.903151 
0.900772 -0.103911 1.143309 
0.231219 -0.040489 0.928998 
-0.294254 -0.560406 1.012938 
0.556850 -0.425170 1.083201 
0.510039 -0.177311 0.972226 
0.163803 -0.381559 0.992621 
0.539838 0.150090 0.824132 
0.529705 0.152838 0.826815 
0.489543 -0.427784 1.068438 
0.782346 0.035754 1.069920 
0.271026 -0.034720 0.916367 
0.790155 0.036234 1.081212 
0.584181 -0.011749 0.909068 
-0.186555 -0.141023 0.954094 
0.098763 -0.359881 0.991815 
0.708659 -0.442148 1.305938 
0.711513 -0.450701 1.316936 
0.325426 0.097313 0.851266 
0.236450 -0.384607 1.067511 
0.163849 -0.587013 1.130891 
0.245701 -0.624276 1.150708 
0.352097 0.128185 0.830626 
0.473331 0.075503 0.859282 
0.108449 -0.463147 0.947662 
-0.396414 0.083252 0.834219 
0.436480 0.068090 0.866458 
0.112352 -0.280098 1.010267 
0.495653 0.147271 0.827067 
-0.219996 -0.440194 0.943528 
-0.366401 0.080752 0.792785 
-0.256773 -0.214900 1.001695 
0.722818 -0.212587 1.188425 
0.531697 0.149267 0.825255 
-0.317229 -0.274823 1.009383 
0.541436 0.037034 0.856899 
-0.528052 -0.290782 1.014422 
0.582292 0.043617 0.871978 
-0.393490 -0.256881 0.965243 
0.809307 -0.014630 1.054010 
0.616344 0.068425 0.862298 
0.385758 0.108831 0.839942 
-0.253511 -0.366139 1.013608 
0.300738 -0.373645 1.057072 
0.427289 0.114030 0.839875 
0.891511 -0.685879 1.223274 
0.260722 -0.586091 1.137608 
0.287316 0.080805 0.853169 
0.198437 -0.200417 1.000251 
0.450441 0.060341 0.865399 
0.164134 -0.649666 1.173376 
0.854578 -0.030175 1.109962 
0.386024 0.096070 0.847337 
0.205181 -0.400056 1.065121 
0.386016 0.123807 0.836600 
0.853989 0.105577 1.038320 
-0.129923 -0.140640 0.952998 
0.542859 -0.162790 0.981525 
-0.193323 -0.356695 0.982753 
-0.218598 -0.255129 1.001262 
0.488621 -0.563727 1.094952 
-0.423460 -0.153454 0.950421 
0.891798 -0.107260 1.114483 
0.387219 0.095324 0.847024 
0.846826 -0.006051 1.074658 
-0.168170 -0.072288 0.926136 
-0.037652 -0.380162 0.992739 
-0.372905 -0.383472 1.023710 
0.354061 -0.484476 1.079926 
0.355719 -0.539894 1.096433 
0.846486 -0.273517 1.468688 
0.703198 -0.433736 1.294116 
0.473155 0.074850 0.857669 
-0.368140 -0.391509 1.021529 
0.575778 -0.039312 0.913726 
0.423555 -0.521199 1.064102 
-0.437886 0.004819 0.875755 
0.826182 -0.024349 1.064994 
0.467484 0.184079 0.803193 
0.560864 0.170808 0.813511 
0.616888 0.068139 0.865827 
0.603746 -0.018944 0.925066 
0.385809 0.108747 0.839668 
0.560636 -0.016394 0.908612 
0.685068 -0.409091 1.242919 
0.352751 0.127333 0.831482 
0.692173 -0.418752 1.262528 
-0.169827 -0.340944 1.052692 
-0.245157 -0.358220 0.992167 
0.561789 0.150727 0.823884 
-0.438219 0.007773 0.872398 
0.321149 -0.576002 1.126961 
-0.039444 -0.302633 1.033770 
0.211279 -0.318457 1.042090 
0.857339 -0.048353 1.072826 
0.895527 -0.097505 1.133798 
-0.533415 -0.407787 1.067376 
0.317845 -0.416646 1.080745 
0.109613 -0.437566 0.957155 
0.538781 0.054418 0.871927 
0.373681 0.075001 0.859509 
-0.538103 -0.411253 1.074857 
0.753662 0.036363 1.021386 
-0.115940 -0.423454 1.055269 
0.528318 0.088647 0.857306 
0.087898 -0.108745 0.957643 
0.732279 -0.438896 1.346014 
0.423763 -0.360041 1.044432 
-0.259213 -0.389009 1.014976 
0.278899 -0.412980 1.068033 
0.432413 -0.535240 1.085111 
-0.068089 0.179222 0.767126 
-0.334616 -0.156161 0.964453 
0.331912 0.199474 0.791648 
0.331673 0.141252 0.829461 
0.536497 0.178271 0.806522 
0.856589 0.095521 1.026980 
0.244513 0.045072 0.862058 
0.357531 -0.421844 1.085356 
0.542748 0.029522 0.886663 
-0.552610 -0.423929 1.100405 
0.581970 0.044126 0.870535 
0.207610 -0.401677 1.047428 
-0.258745 -0.153843 0.954445 
0.143153 -0.214517 0.987964 
0.552433 -0.017108 0.909792 
0.402705 -0.416252 1.089634 
0.411194 -0.369452 1.060742 
0.326420 -0.113329 0.951670 
0.369263 0.220759 0.784453 
0.433967 0.246511 0.774600 
0.465680 0.189438 0.805253 
0.318190 0.211052 0.788948 
0.443145 0.241548 0.771952 
-0.105719 0.185370 0.766289 
0.369219 0.221733 0.782890 
0.537007 0.174997 0.814449 
0.572505 -0.036211 0.908631 
0.843474 0.093239 1.019374 
0.491042 0.222553 0.785388 
0.106759 -0.301354 0.997957 
0.342968 0.207096 0.790048 
0.330157 0.198842 0.793791 
-0.272361 -0.189404 0.951635 
0.413853 0.220937 0.784008 
0.832137 0.246283 0.911814 
0.417503 0.112584 0.842630 
0.759992 0.215941 0.933469 
0.132265 -0.448997 0.980638 
0.438684 -0.462801 1.060825 
0.413323 -0.478541 1.073107 
0.783725 0.124898 1.024879 
0.506620 0.183518 0.810004 
0.854921 0.094299 1.030779 
0.236721 0.189925 0.796459 
-0.004546 -0.216439 1.006759 
0.546736 0.044525 0.874696 
0.529893 -0.410332 1.077095 
0.787135 0.128868 1.028390 
0.924463 -0.002447 1.024702 
-0.088210 -0.280481 1.023447 
-0.194146 -0.031239 0.900074 
-0.094722 0.186528 0.767195 
0.236774 0.207918 0.787495 
0.322181 0.136708 0.825562 
-0.525065 -0.426903 1.101058 
0.820952 0.002483 1.029835 
-0.044240 -0.383327 1.010508 
0.761873 -0.462970 1.418910 
0.875881 0.118911 1.046903 
-0.197732 -0.017431 0.892271 
0.849205 -0.004139 1.080067 
0.409078 -0.365279 1.052233 
-0.269387 -0.224435 1.020416 
0.452573 -0.175668 0.977090 
0.418612 -0.382569 1.092484 
0.820109 0.288726 0.890530 
-0.054817 -0.019352 0.893306 
0.221294 0.265159 0.758740 
-0.052529 -0.018252 0.888086 
-0.094907 0.185766 0.767194 
0.386595 0.094186 0.846736 
0.219833 0.265155 0.757777 
0.473685 0.073694 0.859075 
0.538708 0.173807 0.814886 
0.445281 0.246536 0.773289 
0.512066 -0.477579 1.162097 
-0.285321 -0.238256 0.973477 
0.859901 0.202279 0.912817 
0.531392 0.047082 0.875881 
0.382739 -0.204171 0.989684 
0.718995 -0.460778 1.332657 
-0.060509 -0.018834 0.890776 
0.351256 0.138660 0.825871 
-0.440299 -0.045655 0.948494 
0.893385 -0.106108 1.113986 
0.427430 0.157618 0.814042 
0.384973 0.112043 0.835755 
-0.122584 0.183483 0.782362 
-0.200296 -0.036502 0.914916 
0.448967 -0.363604 1.064170 
0.456459 -0.185744 0.994486 
0.490823 -0.480142 1.065764 
-0.185944 -0.108544 0.938249 
0.408979 0.054874 0.867564 
0.748076 -0.587187 1.229843 
0.374113 0.301822 0.744883 
0.414442 0.220298 0.785591 
0.373219 0.302991 0.745845 
0.362493 0.302048 0.744844 
0.460211 0.246995 0.773790 
0.373210 0.257617 0.756798 
0.430256 0.242040 0.771492 
0.372799 0.258881 0.755996 
-0.067365 0.187153 0.764439 
0.512904 0.175005 0.809778 
0.110649 -0.046576 0.906278 
0.106812 -0.198618 1.008779 
0.479356 -0.108330 0.941414 
0.607081 0.091283 0.853435 
0.855889 -0.100400 1.124013 
-0.104722 0.182544 0.765502 
0.085272 -0.334328 1.063951 
0.522431 0.094454 0.851049 
0.790591 -0.246503 1.339246 
0.495141 0.145700 0.825504 
0.605675 0.093262 0.848908 
0.615012 0.327860 0.735461 
0.413603 0.301061 0.746423 
0.445700 0.248874 0.774017 
0.485416 0.303997 0.743858 
0.430214 0.303899 0.742524 
0.484424 0.304251 0.742102 
0.373868 0.225932 0.779114 
0.394584 -0.091132 0.947370 
0.431420 0.241997 0.774801 
0.462133 0.246434 0.777597 
0.393277 -0.091579 0.947709 
0.390987 0.163762 0.813467 
0.361297 0.302595 0.743385 
0.691319 -0.177641 1.106603 
-0.402771 0.122960 0.808437 
-0.000186 -0.210285 0.986804 
-0.103171 -0.041567 0.906572 
0.149507 -0.220161 1.001216 
0.616352 0.068690 0.862561 
0.551911 -0.084616 0.944864 
-0.433658 0.012757 0.876955 
-0.432825 0.013264 0.877471 
-0.435976 0.012153 0.880679 
0.239880 0.347407 0.703005 
0.720482 0.369379 0.835011 
0.759328 0.329385 0.851937 
-0.366879 0.170174 0.744265 
0.764603 0.218284 0.940060 
-0.379807 0.165670 0.761890 
0.374656 0.073357 0.858473 
0.237446 0.348337 0.723689 
0.480043 -0.116183 0.963402 
0.408600 0.305791 0.737156 
0.370117 0.261511 0.767160 
0.840067 0.252555 0.910350 
0.889265 0.205008 0.955605 
0.826779 -0.027261 1.073117 
0.820506 -0.024015 1.055943 
0.538937 0.170847 0.812699 
0.213455 0.010402 0.887906 
0.080498 -0.157994 0.972991 
0.224213 -0.148195 0.971269 
0.873318 0.026284 1.064926 
0.679513 -0.161031 1.073713 
0.473888 0.074617 0.859240 
0.329811 -0.107526 0.943526 
0.343589 0.171149 0.805589 
0.761925 0.303968 0.824309 
0.331565 0.140317 0.825558 
0.620359 0.378992 0.716944 
0.567071 0.349195 0.720922 
0.623655 0.379274 0.721830 
-0.111722 0.384328 0.695742 
0.219292 0.266764 0.745506 
0.734497 0.368758 0.859323 
0.427174 0.114650 0.835845 
-0.249576 -0.051319 0.914924 
0.395191 0.057943 0.853596 
0.391733 0.161357 0.812994 
0.429368 0.303286 0.745548 
-0.056992 -0.014642 0.865480 
0.285558 0.080887 0.853931 
0.199611 0.401327 0.664072 
0.199904 0.400692 0.665546 
0.252302 0.066789 0.857375 
-0.047208 0.388103 0.685122 
0.465618 0.185540 0.800687 
0.479461 0.394571 0.692917 
0.200535 0.398200 0.665728 
0.284740 0.394043 0.674973 
0.455401 -0.035103 0.910039 
0.478169 0.394277 0.693568 
0.566049 0.351134 0.719962 
0.406421 0.258213 0.755443 
0.566283 0.350520 0.720400 
0.678327 -0.164054 1.072285 
0.511799 0.367216 0.715583 
0.448781 -0.065831 0.925420 
0.282204 -0.184425 1.063178 
0.762945 0.304477 0.825804 
0.465287 0.185513 0.803435 
0.221858 0.266078 0.757240 
0.078903 -0.095374 0.901632 
0.531302 0.148992 0.823488 
0.368042 0.305490 0.732822 
0.068873 -0.098045 0.927548 
0.821974 0.329514 0.873255 
-0.208447 -0.039015 0.911874 
0.322538 0.198669 0.795750 
0.840098 0.243860 0.924069 
0.841395 0.244542 0.925656 
0.856975 -0.102085 1.124241 
0.483981 0.061953 0.870956 
0.367040 0.095320 0.850203 
-0.209660 -0.039498 0.919114 
0.224049 -0.148773 0.973751 
0.635670 0.382742 0.694395 
0.507982 0.365210 0.709179 
0.410251 0.396968 0.679289 
0.481957 0.395957 0.692919 
0.832166 0.244822 0.913168 
0.420289 0.396091 0.707634 
0.395765 0.301476 0.736706 
0.573478 0.421473 0.682181 
0.336805 0.329760 0.725158 
-0.079747 0.453729 0.604290 
0.840630 0.425083 0.811281 
0.862297 0.080493 1.040445 
0.783594 0.127064 1.020717 
-0.186964 0.465677 0.592959 
-0.081356 0.454115 0.606560 
0.574629 0.420837 0.684834 
0.393406 -0.091532 0.946573 
-0.081381 0.454401 0.604840 
0.493877 0.150109 0.822510 
-0.010779 0.393173 0.661727 
0.578063 0.420594 0.691680 
0.638937 0.440785 0.662009 
0.197440 0.381481 0.699795 
0.775950 0.426953 0.793840 
0.196077 0.381387 0.707241 
0.483082 -0.117702 0.966901 
0.465820 0.185987 0.800181 
0.215670 0.265006 0.742774 
0.447328 0.040711 0.874751 
0.869160 -0.056560 1.097152 
0.439634 0.067444 0.863931 
0.648618 0.444754 0.673474 
0.478545 -0.108281 0.941587 
0.100973 0.454792 0.632131 
-0.230094 0.458810 0.590838 
-0.063973 0.378010 0.671122 
0.579465 0.438088 0.680272 
0.493230 0.435980 0.666565 
0.551132 0.417325 0.678731 
0.488276 0.304051 0.745821 
0.222839 0.434529 0.655678 
0.435054 0.459803 0.656669 
-0.204355 0.467600 0.622159 
0.647429 0.443839 0.675213 
0.111631 0.487098 0.609132 
0.434736 0.462345 0.663812 
-0.080665 0.453461 0.598653 
0.518338 0.457291 0.648393 
0.475348 0.394417 0.690507 
0.424729 0.458815 0.628594 
0.334465 0.099525 0.846080 
0.561283 0.109876 0.849366 
0.239532 0.347374 0.710635 
0.342726 0.207387 0.786549 
0.645836 0.319651 0.732507 
0.547303 0.067179 0.863653 
0.411870 0.222028 0.780442 
0.390844 0.105199 0.846337 
0.566475 0.068437 0.861775 
0.221497 0.531380 0.591421 
0.103149 0.453522 0.628577 
0.220868 0.531164 0.589369 
0.394268 0.510480 0.612864 
0.070720 0.503373 0.589232 
0.393051 0.509683 0.602409 
-0.003635 0.498985 0.583939 
0.113018 0.488591 0.597312 
-0.055482 0.508081 0.551719 
0.393626 0.508830 0.606455 
0.071930 0.499466 0.585955 
0.074213 0.496631 0.578019 
0.112142 0.485787 0.609710 
0.768631 0.214781 0.945563 
0.604420 0.422311 0.691028 
0.319978 0.494930 0.657788 
0.151560 0.448457 0.631735 
0.377779 0.451523 0.636753 
0.149447 0.448482 0.628701 
0.332597 0.518677 0.602879 
0.378059 0.453333 0.644947 
-0.126265 0.503444 0.580714 
0.148462 0.448646 0.637669 
0.942038 -0.012597 1.360508 
0.223656 0.428132 0.642800 
0.245483 0.466892 0.629407 
0.284313 0.393498 0.669399 
0.409812 0.254204 0.772560 
0.392305 0.160742 0.814468 
0.224756 -0.072606 0.932762 
0.694105 -0.174844 1.109473 
0.287762 0.079839 0.855648 
0.408346 0.057288 0.871163 
0.610562 0.387134 0.721498 
-0.218562 0.457309 0.574509 
0.244264 0.381924 0.684947 
0.112714 0.489899 0.594653 
0.428922 0.303965 0.743790 
0.489956 0.394833 0.712815 
0.112204 0.489736 0.600730 
-0.202916 0.509229 0.541939 
0.139256 0.410427 0.665585 
0.619546 0.535621 0.677118 
0.071883 0.502078 0.583627 
0.000066 0.449828 0.614950 
-0.124727 0.441829 0.589931 
0.218009 0.529665 0.582987 
-0.222845 0.458797 0.579091 
-0.005689 0.499740 0.589069 
-0.201292 0.506633 0.541601 
0.634265 0.326085 0.749729 
0.244475 0.467726 0.625973 
-0.004155 0.498758 0.587433 
0.382447 0.452130 0.658353 
0.575262 0.516995 0.627585 
0.563604 0.447988 0.678861 
0.338890 0.141681 0.825634 
0.140288 0.411498 0.662666 
-0.125914 0.504810 0.577335 
0.580847 0.437879 0.682069 
0.606096 0.420372 0.683489 
0.139641 0.410602 0.659472 
-0.440849 0.007838 0.875706 
-0.104084 0.188098 0.762651 
0.465904 0.241210 0.772809 
0.532580 0.045318 0.873507 
0.342425 0.109148 0.846093 
0.810048 0.131855 1.056481 
0.643144 0.497007 0.642033 
-0.001905 0.393927 0.642625 
0.051224 0.542836 0.583553 
0.611967 0.493762 0.585379 
0.577392 0.524510 0.597419 
0.604377 0.530282 0.646891 
0.515942 0.094997 0.853061 
0.223041 0.432957 0.640330 
0.579604 0.518760 0.637478 
0.493070 0.435795 0.672191 
0.342891 0.109816 0.839006 
0.100918 0.453808 0.622440 
0.240765 0.509865 0.585619 
0.559675 0.150480 0.825129 
0.222399 0.434894 0.641307 
0.510108 0.508063 0.645109 
0.277038 0.449907 0.634058 
-0.003563 0.393926 0.642003 
0.793400 0.304227 0.880688 
0.636842 -0.011435 0.898011 
0.741175 0.210533 0.900542 
0.452418 0.310782 0.711811 
-0.104024 0.187351 0.763072 
0.730200 0.370292 0.851494 
-0.074351 0.185496 0.767240 
0.492724 0.101312 0.847333 
0.384598 0.451231 0.665288 
0.318122 0.211203 0.788818 
0.636173 0.492917 0.651501 
0.629968 0.493336 0.639264 
-0.264032 0.519789 0.547173 
-0.071945 0.427857 0.622965 
-0.264460 0.519725 0.547771 
0.242673 0.519818 0.614553 
-0.017812 0.583874 0.558822 
0.144441 0.541606 0.581024 
-0.221441 0.509809 0.492110 
-0.241162 0.515161 0.517732 
0.037366 0.573159 0.567360 
-0.007768 0.502139 0.593163 
0.976247 -0.034833 1.428626 
0.408540 0.159934 0.820270 
-0.056312 0.509646 0.554264 
0.414381 0.260051 0.764262 
0.493174 0.434653 0.673682 
0.479645 0.085527 0.858751 
0.397034 0.069516 0.864356 
0.544160 0.039091 0.860089 
0.239955 0.600669 0.555830 
0.177511 0.579286 0.540264 
0.239630 0.599708 0.555000 
0.178492 0.577208 0.543878 
0.238032 0.595470 0.546227 
0.237634 0.593571 0.544379 
0.146579 0.449154 0.633024 
0.045764 0.569742 0.548359 
0.046258 0.568886 0.545143 
0.177285 0.582801 0.554356 
0.309366 0.052941 0.867797 
0.874315 0.240661 1.014021 
0.616707 0.327148 0.738236 
0.039605 0.573892 0.565691 
0.477047 0.537889 0.606372 
0.561906 0.150191 0.822303 
0.332647 0.518832 0.603534 
0.263508 0.109759 0.839217 
0.644833 0.496397 0.658929 
-0.060184 0.192361 0.732202 
0.635908 0.494304 0.645173 
0.529210 0.417214 0.678847 
1.045862 -0.076774 1.570493 
0.512029 0.034841 0.879469 
0.333395 0.209915 0.789418 
-0.098439 0.199090 0.716789 
0.482644 0.083144 0.860380 
0.398026 0.604223 0.578477 
-0.224213 0.594775 0.530877 
-0.255252 0.247093 0.572239 
0.140903 0.503434 0.600905 
0.398774 0.605181 0.581907 
0.461095 0.527338 0.588133 
0.395174 0.602623 0.567862 
0.106521 0.537454 0.929892 
-0.191729 0.580734 0.486038 
0.564786 0.574188 0.596394 
0.467025 0.584708 0.600587 
-0.164235 0.598886 0.505538 
0.563676 0.572888 0.593586 
0.179049 0.578653 0.553858 
0.379281 0.456710 0.653712 
0.796313 0.604730 0.764142 
0.714951 0.370937 0.821382 
-0.013645 0.581990 0.546957 
0.043839 0.544560 0.594269 
-0.078241 0.207248 0.670775 
0.235489 0.351548 0.696518 
0.352400 0.614701 0.553582 
0.037088 0.571786 0.558103 
0.372448 0.171918 0.809355 
0.139926 0.410856 0.658830 
0.334532 0.517263 0.602789 
-0.143315 0.442380 0.623479 
-0.414259 0.109507 0.833398 
0.240121 0.513214 0.610325 
0.653031 0.446559 0.678811 
0.217049 0.219332 0.778820 
0.340137 0.120557 0.831116 
0.566027 0.439225 0.646701 
0.212778 0.103032 1.685242 
0.579523 0.436695 0.682378 
0.351301 0.138748 0.824824 
-0.393238 0.159256 0.781521 
0.568878 0.067688 0.868589 
0.531597 0.631376 0.568045 
0.233601 0.636244 0.541606 
0.138784 0.631878 0.493950 
0.534699 0.632864 0.574799 
0.233667 0.638160 0.547505 
0.136465 0.638355 0.512387 
0.135843 0.638427 0.513503 
-0.140873 0.645183 0.491760 
0.178337 0.579202 0.541623 
-0.102278 0.608076 0.508401 
0.406122 0.614887 0.608411 
0.142435 0.502442 0.600354 
0.406037 0.615014 0.604901 
0.276740 0.453005 0.644909 
-0.014416 0.577151 0.556280 
0.098275 0.455037 0.624143 
-0.001628 0.394409 0.643821 
0.405994 0.301878 0.724724 
0.599100 0.618128 0.577618 
0.351949 0.613972 0.553568 
-0.099872 0.610452 0.507157 
-0.184201 0.504793 0.515313 
0.048538 0.543816 0.588731 
0.804569 0.440565 0.872254 
-0.149296 0.592190 0.480032 
0.531527 0.361752 0.639880 
-0.308409 0.617504 0.656389 
0.566116 0.349325 0.717912 
0.624660 0.327633 0.732614 
0.263977 0.110128 0.837239 
0.372499 0.225489 0.774409 
0.215205 0.147294 1.349923 
0.505689 0.506566 0.633610 
-0.398274 0.197354 0.772757 
0.033044 0.605076 0.546318 
0.857820 0.041738 1.183131 
-0.130623 0.624177 0.563443 
0.539031 0.637223 0.586112 
0.791901 0.571648 0.756947 
0.767717 0.318413 0.863179 
0.150772 0.448472 0.657472 
0.324378 0.650791 0.549086 
0.233585 0.645193 0.568194 
0.047028 0.543840 0.588720 
0.232488 0.639578 0.545559 
0.144229 0.621797 0.467826 
0.230704 0.624518 0.494436 
-0.013478 0.619149 0.544494 
-0.218635 0.512554 0.566896 
-0.005133 0.614149 0.531029 
-0.135718 0.567924 0.497960 
0.348685 0.609236 0.535451 
0.564630 0.174589 0.813333 
0.392879 0.088057 0.855233 
-0.180772 0.464428 0.584212 
0.377672 0.137376 0.826086 
0.415668 0.260997 0.764180 
0.239779 0.386745 0.669748 
0.513280 0.222767 0.789680 
0.452373 0.240204 0.773573 
0.571738 0.423515 0.617323 
0.237313 0.209103 0.792871 
0.497018 0.221851 0.787846 
0.367390 0.642656 0.547539 
0.212737 0.633005 0.503041 
0.220079 0.531792 0.589879 
-0.405393 0.200415 0.773419 
0.798093 0.237540 0.975037 
-0.115509 0.613388 0.531440 
0.032503 0.604547 0.539536 
0.770823 0.597191 0.735485 
0.152885 0.533712 0.544371 
0.309105 0.492325 0.616789 
0.322400 0.648387 0.541467 
-0.130729 0.566026 0.489865 
-0.254465 0.609077 0.509163 
-0.244617 0.671257 0.619672 
-0.143673 0.643428 0.489529 
0.030404 0.606333 0.545084 
0.529194 0.449982 0.604898 
-0.250854 0.608404 0.507621 
0.516769 0.226930 0.783362 
0.628010 0.586200 0.595317 
0.562612 0.573277 0.593419 
0.644655 0.379488 0.720246 
0.606724 0.577203 0.560923 
0.437889 0.157205 0.805385 
0.242104 0.516785 0.591553 
0.318444 0.210688 0.788313 
0.471685 0.189791 0.795600 
0.465804 0.227129 0.783894 
0.549361 0.449030 0.648729 
0.437772 0.240283 0.774365 
0.361105 0.137352 0.826689 
0.394270 0.136840 0.814377 
-0.107929 0.179026 0.768135 
0.395234 0.512354 0.619349 
0.181637 0.611203 0.554250 
0.056011 0.505478 0.599025 
-0.053115 0.530791 0.582415 
0.183186 0.607626 0.544601 
0.052637 0.430396 0.627232 
0.439314 0.163570 0.819800 
0.321669 0.129380 0.831506 
0.433742 0.163209 0.807190 
0.387968 0.122982 0.836317 
0.364700 0.126243 0.833374 
0.400668 0.302362 0.743822 
0.510043 0.084505 0.856720 
0.510243 0.371008 0.708888 
-0.292894 0.383402 0.594648 
-0.158594 0.511989 0.661017 
0.396307 0.506898 0.610540 
0.567779 0.026435 0.911083 
0.246570 0.470476 0.627597 
0.511324 0.083688 0.857637 
0.482211 0.063159 0.868994 
0.531463 0.150213 0.822936 
-0.069498 0.187951 0.763301 
-0.119472 0.191895 0.775305 
0.409151 0.226350 0.780241 
0.559725 0.102018 0.843882 
0.369925 0.260121 0.762804 
0.178708 0.577793 0.555435 
0.179155 0.577219 0.544653 
0.227505 0.174979 0.802491 
0.331255 0.185732 0.777938 
-0.226572 0.508313 0.590125 
0.217951 0.355678 0.688528 
0.372161 0.136286 0.825858 
0.238320 0.389130 0.661504 
0.424546 0.305809 0.722699 
0.334262 0.514387 0.594811 
0.054105 0.507218 0.611822 
0.578676 0.441018 0.668985 
0.048349 0.508043 0.622960 
0.600828 0.475983 0.599870 
0.435222 0.092367 0.853734 
0.241547 0.385894 0.682138 
-0.318508 0.553851 0.578301 
-0.078512 0.422315 0.623538 
-0.081523 0.422339 0.634082 
0.468774 0.497266 0.551197 
0.178179 0.588441 0.569074 
0.178258 0.588023 0.567979 
-0.006146 0.610364 0.519194 
-0.227098 0.510466 0.588347 
-0.127755 0.626230 0.568141 
0.285276 0.078289 0.855525 
0.200147 0.383130 0.684480 
-0.238489 0.512940 0.606849 
0.632337 0.334845 0.760072 
0.523929 0.097464 0.846830 
0.569269 0.442935 0.650251 
0.520451 0.513015 0.672936 
-0.216082 0.582004 0.533051 
-0.142995 0.571340 0.515489 
-0.381471 0.397076 0.658550 
0.304506 0.165029 0.738957 
-0.012026 0.393253 0.649111 
0.239889 0.473283 0.616156 
0.517153 0.226746 0.787209 
0.641395 0.484360 0.667616 
0.474717 0.092590 0.847933 
0.103335 0.455359 0.632690 
0.528287 0.150338 0.816358 
0.139533 0.408824 0.650522 
0.240979 0.042317 0.867717 
0.424570 0.157109 0.806374 
0.241700 0.039760 0.874267 
0.039527 0.599382 0.527394 
0.201022 0.403725 0.692540 
0.199188 0.382416 0.684264 
-0.116940 0.615710 0.542499 
-0.397717 0.395745 0.680915 
-0.112360 0.427072 0.707369 
0.526103 0.184454 0.780571 
0.583452 0.045066 0.870732 
0.315241 0.494615 0.610065 
0.241717 0.385499 0.671440 
0.481499 0.227270 0.779379 
0.414662 0.351863 0.721719 
0.513299 0.105543 0.822365 
0.600720 -0.062388 0.933447 
0.378579 0.057424 0.865264 
0.553658 -0.012935 0.898943 
0.425650 0.114084 0.836576 
0.516319 0.033169 0.883668 
0.395105 -0.039105 0.923343 
0.200388 0.384236 0.689345 
0.307103 0.051245 0.872860 
0.435058 0.078518 0.855257 
0.404846 0.227195 0.765220 
0.396776 0.170268 0.809785 
0.501743 0.048559 0.889043 
0.364626 0.126837 0.833016 
0.571549 0.144765 0.845356 
0.328078 0.174480 0.805545 
0.407485 0.168381 0.804250 
-0.146853 0.386496 0.699552 
0.322100 0.077028 0.851222 
0.371359 0.241637 0.758875 
0.510814 0.083708 0.858101 
0.515584 0.224857 0.783797 
0.218263 -0.087581 0.960185 
0.218202 -0.089311 0.966221 
0.245963 0.039348 0.885317 
0.332323 -0.126742 0.985316 
0.172963 -0.031792 0.915586 
0.245651 -0.110053 0.967310 
0.219576 -0.091397 0.974784 
0.494257 0.102433 0.844059 
0.321173 -0.113436 0.948008 
0.402652 0.134873 0.824845 
0.463317 0.253606 0.760309 
0.321425 -0.118363 0.957618 
0.176614 -0.039915 0.943510 
0.430280 0.303108 0.738364 
0.399727 0.258208 0.751954 
0.340929 0.207369 0.790283 
0.450167 0.153970 0.804618 
0.362665 0.311791 0.736064 
0.368739 0.093525 0.861639 
0.436674 0.089800 0.852242 
0.406955 0.254497 0.762199 
0.236660 0.221102 0.779316 
0.359393 0.205633 0.789738 
0.171377 -0.024705 0.892261 
-0.207644 -0.028113 0.921703 
0.302789 -0.131923 0.993456 
0.096319 -0.087216 0.959606 
0.300833 -0.130012 0.987018 
-0.206489 -0.026532 0.914822 
0.218766 0.262720 0.737802 
0.384671 -0.224990 1.024873 
0.100221 -0.075519 0.934925 
-0.100691 -0.027783 0.912835 
0.221605 -0.049125 0.934997 
0.244090 0.326945 0.726793 
0.205429 -0.149702 0.953074 
-0.102866 0.187788 0.761576 
0.211172 -0.168357 0.999578 
-0.075379 -0.035198 0.918835 
0.101354 -0.050207 0.927264 
-0.099506 -0.026853 0.912728 
-0.116362 0.384232 0.698104 
0.373990 -0.210111 0.992363 
-0.095393 0.207585 0.749578 
0.243485 -0.106957 0.955607 
0.219315 -0.047135 0.931995 
0.210043 -0.163758 0.992190 
0.381867 -0.223163 1.019979 
-0.423797 0.100863 0.843611 
-0.321534 0.497474 0.644388 
0.240610 -0.105131 0.942851 
0.134884 -0.076964 0.938306 
-0.067918 0.170998 0.766804 
-0.098677 -0.027331 0.913027 
0.227422 0.085978 0.827147 
0.355588 0.096840 0.843241 
0.329028 0.199638 0.790514 
0.366652 0.095914 0.849332 
0.353094 0.176086 0.812668 
0.433956 0.156384 0.822306 
0.418780 0.301978 0.703609 
0.447619 0.037778 0.881540 
0.136074 -0.078873 0.946766 
0.052336 -0.113636 0.970390 
0.053721 -0.100337 0.930131 
0.431491 0.197219 0.788503 
-0.127913 -0.020979 0.890443 
0.055066 -0.116848 0.945011 
-0.406594 0.071979 0.863426 
-0.101153 -0.026964 0.913712 
-0.036860 -0.021870 0.895441 
0.237167 0.002519 0.898951 
0.245492 -0.106853 0.961695 
0.378730 -0.215734 1.005682 
0.056023 -0.111151 0.929229 
0.002103 -0.135916 0.985297 
-0.150255 0.439532 0.673442 
-0.000770 -0.141623 1.001640 
0.376170 -0.024622 0.873716 
0.071912 -0.140064 1.013360 
0.130662 -0.101252 0.955411 
0.279109 -0.220026 1.045043 
-0.123499 -0.059122 0.939537 
-0.185168 0.466679 0.674229 
-0.070359 0.388209 0.703899 
0.099703 -0.077762 0.944320 
-0.155622 0.441029 0.677218 
0.051877 -0.124466 0.991870 
-0.260212 0.458809 0.664669 
0.100444 -0.077495 0.943444 
0.333003 -0.130564 0.993733 
-0.121106 -0.020486 0.894527 
0.407003 0.162528 0.811478 
0.387700 -0.033062 0.902018 
0.328706 0.170227 0.810581 
0.437762 0.089810 0.852719 
-0.139622 -0.082140 1.017202 
-0.140356 -0.080633 1.017252 
0.328690 0.199754 0.789102 
0.405889 0.081478 0.855766 
-0.326505 0.439648 0.626704 
0.137079 -0.079753 0.947139 
0.208786 -0.071052 0.904669 
0.236382 -0.091523 0.917015 
0.221014 0.257706 0.688893 
-0.068520 0.182420 0.760846 
-0.108748 0.178954 0.769177 
-0.325849 0.439092 0.625635 
-0.145618 0.385743 0.701588 
-0.100663 0.392926 0.698986 
0.237009 0.080068 0.870488 
0.188429 -0.035709 0.934034 
-0.352688 0.458558 0.657778 
0.205985 -0.032986 0.917556 
-0.358516 0.459396 0.664007 
-0.258032 0.457765 0.664383 
-0.357888 0.459955 0.662421 
-0.346638 0.385547 0.700925 
-0.156391 0.447577 0.691186 
-0.323511 0.372774 0.666153 
0.003787 -0.134754 0.982780 
0.156821 -0.162647 0.984108 
-0.174714 -0.026136 0.911149 
-0.319935 0.371771 0.661752 
0.028193 -0.098678 0.949043 
0.146457 -0.161813 0.990166 
-0.087225 -0.098232 1.003638 
0.234382 0.006408 0.886773 
0.000057 -0.136012 0.987243 
0.054406 -0.118138 0.950498 
0.228344 -0.161651 0.983892 
0.157259 -0.160023 0.973105 
-0.083714 -0.099620 0.992127 
0.388653 0.165358 0.803849 
-0.397447 0.190787 0.768355 
0.266818 -0.200218 1.000796 
-0.076434 -0.036733 0.921435 
0.246684 -0.108179 0.965988 
0.379910 0.137723 0.824375 
-0.191358 0.473927 0.685773 
0.407656 0.068118 0.862085 
0.328272 -0.118158 0.964855 
-0.244506 0.536612 0.805799 
-0.068308 0.200478 0.757260 
0.357206 0.142715 0.825846 
-0.107977 0.172264 0.772687 
0.339598 0.120107 0.833410 
0.353590 0.126175 0.832056 
0.235461 -0.170446 0.991350 
0.136328 -0.251224 1.045535 
0.158288 -0.166066 0.990705 
-0.035577 -0.020283 0.888257 
-0.060554 0.370502 0.657808 
-0.083209 0.423204 0.682680 
-0.077358 0.397279 0.732223 
-0.093748 0.440500 0.726083 
0.231307 0.050274 0.824113 
-0.007358 -0.151613 1.028436 
-0.077341 0.397120 0.695558 
0.100694 -0.045339 0.912211 
0.131401 -0.102552 0.959896 
0.390431 0.055376 0.863784 
-0.081567 -0.100585 0.992151 
0.324367 0.103113 0.851238 
0.279314 -0.218468 1.041365 
-0.228886 -0.039139 0.957341 
-0.258591 0.134955 0.593691 
0.402028 0.161392 0.814400 
0.334735 0.177108 0.808602 
0.383050 0.125408 0.842270 
0.331137 0.130752 0.831064 
-0.099737 0.396520 0.697551 
-0.072733 0.162103 0.793416 
0.335519 0.099161 0.847201 
0.343814 0.168756 0.825624 
-0.305989 0.542679 0.641336 
-0.211607 0.466465 0.662783 
-0.132161 -0.024323 0.908012 
-0.391025 0.189531 0.755776 
0.389302 0.133260 0.829426 
-0.094481 0.185345 0.764433 
0.378650 0.166830 0.809734 
-0.083410 0.188137 0.765521 
0.353675 0.176067 0.810614 
0.387446 0.106967 0.840574 
0.332357 0.130394 0.831627 
0.341260 0.077217 0.854784 
-0.083179 0.402033 0.716925 
0.062503 -0.174128 0.990159 
0.389593 0.122278 0.833455 
0.365915 0.138770 0.829994 
-0.260114 0.635785 0.568965 
0.017264 -0.069320 0.933928 
-0.008056 0.442172 0.667597 
0.001956 0.383533 0.688407 
0.064392 -0.172857 0.985241 
-0.016330 0.491576 0.643002 
0.434132 0.101696 0.843778 
0.023309 -0.064708 0.920404 
0.027090 -0.061235 0.911595 
0.346428 0.118624 0.836371 
-0.107901 -0.051599 0.913532 
-0.118863 -0.019055 0.892233 
0.153484 -0.112594 0.950469 
0.120506 0.437402 0.655908 
0.007116 -0.109019 0.951725 
0.240656 0.043576 0.869580 
0.148956 -0.113879 0.951146 
0.067511 -0.167330 0.978410 
0.195321 -0.018013 0.881232 
0.440203 0.067248 0.861699 
0.138605 -0.077676 0.943595 
0.228547 -0.169027 1.001268 
-0.421480 0.457325 0.684677 
0.045518 0.426229 0.687394 
0.172160 -0.205865 0.996780 
0.049757 0.426668 0.682618 
-0.239196 0.511176 0.638165 
0.222250 -0.037301 0.922760 
0.166972 -0.216272 1.019930 
0.372422 0.052058 0.877946 
-0.211608 0.466118 0.663241 
0.110822 -0.045423 0.908211 
-0.017981 0.491858 0.643916 
0.458154 0.107133 0.842361 
0.453898 0.059353 0.866419 
0.437185 0.091465 0.850223 
0.373893 0.258694 0.759769 
0.483035 0.082354 0.863651 
0.267071 -0.038910 0.918957 
0.470897 0.099078 0.855642 
0.374545 0.074101 0.857660 
0.130153 -0.156774 0.967161 
0.108929 -0.131957 0.967167 
0.254587 0.342902 0.724237 
0.504274 0.096349 0.853499 
-0.233991 0.509084 0.632161 
0.143716 0.504341 0.653326 
0.210849 0.003342 0.885236 
0.224655 0.263860 0.766689 
0.480133 0.084777 0.857574 
0.201803 0.372684 0.691639 
0.147946 0.500232 0.644688 
0.221907 0.265001 0.776287 
0.254610 0.344012 0.723993 
0.018814 -0.070032 0.932777 
0.225689 0.264272 0.775116 
0.208522 0.139517 0.790633 
0.452967 0.060082 0.866004 
0.408387 0.138993 0.790007 
0.365552 0.138510 0.829402 
0.009417 -0.108418 0.946664 
0.241755 0.043767 0.869029 
0.007829 -0.108713 0.950294 
-0.156685 0.575384 0.591221 
-0.253305 0.455047 0.662544 
0.103606 -0.285687 1.039346 
0.404853 0.132792 0.846871 
-0.134477 0.504737 0.638506 
-0.133954 0.502158 0.637330 
0.488641 0.179998 0.807854 
0.346168 0.168246 0.810711 
-0.256325 0.519004 0.651396 
-0.300150 0.523921 0.634522 
0.438368 0.090859 0.846127 
0.242516 0.044151 0.867210 
0.483617 0.080290 0.870314 
0.199569 -0.020273 0.883670 
0.116972 0.440855 0.665825 
0.116569 0.438474 0.659712 
-0.293621 0.519643 0.630411 
0.113358 0.439823 0.663839 
0.210538 0.082627 0.855391 
0.264014 -0.042202 0.921910 
0.307735 0.050976 0.873234 
0.230499 0.436101 0.671146 
0.408504 0.068940 0.861363 
0.157957 0.533970 0.614498 
0.176027 0.458752 0.659467 
0.229007 0.177739 0.791082 
0.483347 0.104413 0.846924 
0.210372 0.007103 0.885338 
0.415660 0.260649 0.765583 
-0.293139 0.518675 0.631386 
0.172643 0.461381 0.667036 
0.243735 -0.056853 0.868280 
-0.135395 0.658660 0.542430 
0.015149 -0.106327 0.942891 
-0.260149 0.459544 0.661619 
0.015955 -0.072337 0.938902 
0.233135 -0.075820 0.931260 
-0.264476 0.462075 0.664700 
0.432309 0.254083 0.765389 
-0.075960 -0.034794 0.923989 
0.315197 0.061439 0.866571 
-0.271378 0.611427 0.580743 
-0.074350 0.403375 0.782248 
-0.158809 0.574422 0.592601 
0.057998 0.423961 0.670907 
0.176523 0.457413 0.659092 
-0.335308 0.544592 0.600275 
-0.313683 0.655406 0.576597 
0.041408 0.567398 0.601076 
-0.151935 0.702378 0.526596 
0.196230 0.375628 0.683003 
0.177008 0.458470 0.658005 
0.128084 -0.153781 0.964503 
0.290367 0.383246 0.702574 
-0.010767 0.489079 0.637143 
0.167169 0.438054 0.673878 
-0.008878 0.448146 0.675929 
0.434690 0.088673 0.851165 
-0.117286 0.614071 0.584546 
0.262808 0.109248 0.841364 
-0.261955 0.632674 0.568345 
0.470557 0.190805 0.782330 
-0.093810 0.422783 0.685859 
0.322395 0.125473 0.838457 
0.430988 0.247196 0.782094 
0.217496 0.354202 0.681481 
0.147362 0.403963 0.683518 
0.283990 0.447091 0.670166 
0.390706 0.162899 0.818923 
0.284706 0.446108 0.665313 
0.283186 0.448054 0.670204 
0.015704 0.380430 0.661324 
0.053146 0.559149 0.589607 
0.284209 0.445653 0.658831 
0.092322 0.669414 0.542477 
-0.108511 0.619824 0.565136 
0.069080 -0.162311 0.971662 
0.219272 0.355892 0.666716 
0.513623 0.061274 0.874942 
0.291075 0.387990 0.705686 
0.409298 0.339242 0.750473 
0.007902 0.949449 0.568659 
0.150604 -0.113918 0.953622 
0.161825 0.530725 0.610276 
0.015172 0.938561 0.560270 
0.209047 0.112993 0.845798 
0.215337 0.357663 0.682960 
-0.061879 0.651820 0.526507 
-0.161540 0.707830 0.534336 
0.044811 0.716738 0.551675 
-0.027213 0.493054 0.651877 
0.006646 0.950873 0.571416 
0.195910 0.566860 0.592671 
0.063296 0.695217 0.527170 
0.146254 -0.114473 0.952996 
0.255588 0.346726 0.722396 
0.150235 0.501282 0.645220 
-0.059843 0.179370 0.758941 
0.362134 0.312384 0.741862 
0.317545 0.495546 0.660690 
0.384892 0.112027 0.839365 
0.466872 0.191202 0.796989 
0.542121 0.152821 0.833523 
0.566368 0.174540 0.821851 
0.250641 0.617822 0.476678 
0.159865 0.622568 0.551788 
0.415888 0.260608 0.765106 
0.421732 0.388372 0.675899 
0.265374 -0.039915 0.922354 
0.150198 0.633037 0.565375 
0.260706 0.502705 0.615354 
0.191559 0.378778 0.700980 
0.208335 -0.011055 0.871615 
0.162017 0.620419 0.550359 
0.419204 0.393888 0.700986 
0.233194 0.642453 0.508183 
0.050866 0.538733 0.623290 
0.416241 0.400619 0.731705 
-0.119223 0.612430 0.583890 
-0.075789 0.505912 0.638958 
0.204212 0.681733 0.559736 
0.251487 0.617610 0.553994 
0.222941 0.088651 0.849899 
0.248525 0.378424 0.708092 
0.077096 0.496084 0.635643 
-0.125573 0.378912 0.679915 
0.157895 0.534365 0.616154 
0.121578 0.478902 0.645270 
-0.067676 0.507156 0.631173 
0.157698 0.626116 0.558595 
-0.108778 0.602606 0.572442 
-0.053193 0.636895 0.567410 
0.210392 0.270860 0.730401 
0.069929 0.563571 0.415711 
0.069813 0.563713 0.416144 
0.069710 0.563413 0.416059 
0.471611 0.098029 0.848274 
0.372450 0.312177 0.744593 
0.061441 0.567383 0.424019 
0.532350 0.151493 0.833731 
0.321316 0.494225 0.660010 
0.537095 0.057537 0.878539 
0.347603 0.508302 0.868334 
0.421329 0.390870 0.689423 
-0.047529 0.632786 0.565694 
0.420242 0.392467 0.694122 
-0.042058 0.628977 0.559326 
0.420474 0.393874 0.700122 
0.538531 0.176437 0.788144 
0.324961 0.533006 0.600908 
-0.023396 0.389844 0.722311 
-0.067655 0.503746 0.631076 
0.078290 0.492280 0.635490 
0.175541 0.461121 0.663004 
-0.015455 0.492244 0.644344 
0.048763 0.563386 0.596466 
-0.032036 0.575632 0.608346 
0.073259 -0.161749 0.965335 
0.468753 0.182469 0.807753 
0.433618 0.108506 0.840980 
0.435290 0.107038 0.843764 
-0.077239 0.445887 0.673499 
0.334599 0.143204 0.824872 
0.549180 0.023098 0.895662 
0.044895 0.432849 0.692273 
0.327225 0.536906 0.607581 
0.299682 0.574368 0.603278 
0.143095 0.687871 0.516477 
0.412922 0.491825 0.613102 
-0.000985 0.559492 0.578515 
0.144756 0.503067 0.651199 
0.306550 0.563103 0.585202 
-0.177523 0.599963 0.581324 
0.391221 0.057499 0.861320 
0.329309 0.534474 0.602835 
0.046822 0.632356 0.523303 
-0.012820 0.565738 0.590274 
0.369510 0.128130 0.810829 
0.161204 0.657273 0.486845 
0.391099 0.444509 0.660855 
0.324861 0.539678 0.610533 
0.236933 0.557065 0.554296 
0.397039 0.433738 0.626562 
0.046651 0.563403 0.595434 
-0.040874 0.644340 0.612887 
0.363210 0.311367 0.738961 
-0.139492 0.660927 0.547163 
0.484289 0.304343 0.751049 
-0.101840 0.479520 0.687354 
0.106071 0.488024 0.668080 
0.480553 0.181517 0.810686 
-0.086158 0.178849 0.788899 
-0.083830 0.669920 0.543862 
0.289474 0.387065 0.706566 
-0.008766 -0.222192 0.991995 
0.521736 0.098417 0.840384 
0.521707 0.098588 0.842436 
-0.295805 0.521271 0.631514 
0.111682 -0.273322 1.014439 
0.114637 -0.271171 1.006926 
0.370319 0.305103 0.742020 
0.383552 0.071235 0.864127 
0.447063 0.064094 0.859459 
0.193842 -0.255455 1.031681 
0.414111 0.488960 0.608424 
-0.261274 0.458618 0.667448 
0.546795 0.027036 0.881764 
0.519321 0.034996 0.859226 
-0.141501 0.663915 0.548026 
0.294021 -0.205513 0.994260 
0.039309 0.568111 0.602138 
0.146799 -0.217904 0.974373 
0.241320 0.041358 0.867319 
-0.032115 0.622112 0.551893 
-0.092346 0.449533 0.666165 
-0.100668 0.601551 0.568207 
0.323623 0.483602 0.634630 
-0.233219 0.622150 0.551097 
0.454208 0.242087 0.780977 
0.537398 0.058697 0.873361 
-0.275386 0.508126 0.619808 
-0.043125 -0.166576 0.982014 
-0.119650 0.616988 0.586559 
-0.149915 0.567236 0.585023 
-0.038214 -0.163567 0.969700 
-0.318705 0.657806 0.579187 
-0.073920 0.171404 0.767518 
0.292123 0.387319 0.702462 
0.295169 -0.156022 0.977405 
0.120931 0.480135 0.644373 
0.517210 0.096167 0.850185 
-0.275429 0.615468 0.583532 
0.483362 0.062754 0.871094 
-0.061653 -0.026499 0.896544 
0.188675 -0.319184 1.051428 
0.207714 0.364846 0.679562 
0.194978 -0.311307 1.034615 
0.448194 -0.080319 0.950018 
0.204309 -0.015646 0.882537 
0.447151 -0.079763 0.943476 
-0.036994 -0.162211 0.967732 
0.197870 -0.014519 0.894984 
0.228014 0.439283 0.673377 
0.391992 -0.093302 0.946890 
0.456852 -0.151797 0.955025 
0.193752 -0.381643 1.073328 
0.193900 -0.014607 0.898158 
0.393841 -0.092374 0.943818 
-0.031312 -0.172134 0.970112 
0.391230 -0.095195 0.946026 
0.196454 0.218652 0.785457 
0.256905 0.611341 0.547736 
-0.032535 0.383225 0.690190 
0.148737 0.669718 0.506106 
0.194232 0.599785 0.575622 
0.199796 0.076615 0.857843 
-0.007103 0.496748 0.641284 
-0.009108 0.497619 0.644153 
0.412399 0.260749 0.767525 
-0.139520 0.664590 0.544365 
-0.014705 0.389877 0.709126 
-0.420045 0.446172 0.682106 
-0.033325 -0.173823 0.974691 
-0.099995 0.613306 0.566404 
-0.105721 0.616088 0.568334 
-0.001003 0.492640 0.635984 
0.257419 0.612568 0.552670 
0.392552 0.443421 0.658694 
-0.095340 0.608985 0.560828 
-0.009483 0.500204 0.641532 
-0.007168 0.574716 0.594931 
-0.033482 0.383125 0.694338 
-0.036872 0.385047 0.697397 
-0.413224 0.399442 0.714466 
-0.393432 0.395011 0.699754 
-0.109074 0.460039 0.684181 
-0.107299 0.460087 0.681592 
0.301983 -0.411886 1.073180 
-0.404277 0.541421 0.627636 
0.314677 -0.388897 1.022392 
0.282756 -0.382560 1.056053 
0.233054 -0.455924 1.100407 
-0.403709 0.540783 0.627034 
0.154012 0.444427 0.668040 
0.232957 0.522330 0.620568 
0.412271 0.304434 0.741552 
0.195240 -0.380619 1.073521 
0.515207 -0.198849 1.026602 
0.236013 -0.454142 1.096605 
0.195992 0.571338 0.591073 
0.153006 0.444447 0.666924 
0.228866 0.526318 0.621521 
0.262048 0.603775 0.542247 
0.450931 -0.193784 1.011117 
-0.094973 0.449657 0.666072 
0.551733 -0.084936 0.921065 
-0.179734 -0.079329 0.934397 
0.550376 -0.085399 0.927620 
0.201562 -0.402254 1.071291 
-0.012202 -0.349326 1.020144 
0.372604 0.218442 0.776078 
0.225391 -0.384003 1.077720 
0.320443 0.138132 0.828135 
0.195969 -0.380007 1.071379 
0.458458 -0.157395 0.972217 
0.434338 -0.083646 0.941275 
0.213836 0.117479 0.831146 
0.484461 -0.122442 0.958684 
0.467549 0.240240 0.774681 
0.197776 -0.252665 1.014864 
0.061312 0.534368 0.614971 
0.102877 0.451073 0.664851 
0.056097 0.503988 0.638448 
0.246699 0.626655 0.563259 
0.409899 0.054556 0.868412 
-0.407809 0.402316 0.706673 
0.363794 0.301567 0.742624 
-0.069603 0.388719 0.702492 
0.282775 -0.459291 1.086239 
-0.267804 -0.062057 0.936280 
-0.053083 -0.353612 1.031659 
0.238320 0.362277 0.760049 
0.106180 0.449858 0.665782 
0.251539 -0.451383 1.084531 
0.194117 -0.020850 0.889703 
0.245847 -0.454784 1.095118 
-0.420222 0.553261 0.634924 
-0.180459 -0.078392 0.935345 
-0.022078 -0.357243 1.037849 
0.242996 -0.456142 1.096531 
0.418159 -0.246902 0.989111 
-0.054714 -0.309288 1.029341 
0.113690 -0.385818 1.039527 
0.561727 -0.230158 1.002540 
0.561019 -0.232093 1.009521 
-0.383425 0.392913 0.693635 
0.513858 -0.206585 1.056236 
0.483462 0.062372 0.868562 
0.379869 0.074532 0.857643 
0.288918 0.384741 0.706545 
0.460774 -0.156167 0.958837 
0.251414 -0.454325 1.092504 
0.062383 0.500408 0.636687 
0.057363 0.503578 0.637139 
0.054513 -0.266864 1.017392 
0.054137 -0.267411 1.019617 
-0.415142 0.442217 0.680064 
0.051481 0.540381 0.619987 
0.193328 -0.255812 1.029535 
0.203428 -0.019884 0.881681 
0.291735 0.538769 0.606582 
0.328169 -0.222081 1.015828 
0.097355 0.458481 0.677618 
-0.118613 0.460085 0.687956 
0.048322 0.518247 0.656808 
0.227096 -0.417165 1.089201 
0.183851 -0.436972 1.082839 
0.332766 -0.379229 1.078677 
0.181112 -0.440200 1.089746 
0.247969 -0.456912 1.098130 
0.280839 -0.385618 1.063894 
0.469149 -0.361308 1.052510 
-0.051459 -0.352835 1.031812 
0.160294 0.438910 0.663240 
-0.014340 -0.357707 1.029470 
-0.055200 -0.354050 1.033321 
-0.111754 0.198995 0.805729 
0.300371 -0.404204 1.057733 
0.247441 -0.451059 1.079977 
0.144110 -0.356131 1.089398 
0.327318 0.176939 0.816101 
0.050382 -0.565274 0.999918 
0.018986 -0.069412 0.936334 
0.562168 -0.341936 1.038806 
0.250945 -0.454790 1.092848 
0.182991 -0.484670 1.110993 
-0.244731 -0.231784 1.009714 
-0.112546 -0.188118 0.997611 
0.004451 -0.346623 0.994944 
-0.043073 -0.377619 1.020446 
0.153679 -0.347033 1.063661 
0.300479 -0.406258 1.086869 
0.344099 0.115832 0.820009 
0.172611 -0.448272 1.111124 
-0.253389 -0.234663 1.018353 
0.042309 0.575932 0.608647 
0.333626 0.171259 0.794732 
0.104180 0.451757 0.667925 
-0.492270 0.464343 0.672074 
0.223166 -0.080540 0.956168 
-0.430554 0.449290 0.692151 
0.481203 -0.392200 1.063944 
-0.121543 0.207923 0.774165 
0.306313 -0.507652 1.086226 
0.198430 -0.533639 1.104254 
0.477915 -0.400868 1.091019 
-0.245079 -0.231398 1.005617 
0.298782 -0.520665 1.113446 
0.191084 -0.542695 1.124476 
0.183684 -0.262056 1.053989 
-0.105958 0.456231 0.674105 
-0.248031 -0.232005 1.009003 
-0.260421 -0.057846 0.929905 
-0.103029 0.455544 0.669990 
-0.175338 -0.414275 1.102829 
0.230713 -0.414085 1.077700 
0.270073 -0.310560 1.053236 
-0.017943 -0.223489 1.005163 
-0.049960 -0.351157 1.021097 
-0.052755 -0.353433 1.035257 
-0.135443 0.501721 0.637626 
0.373344 -0.213183 1.009216 
0.152863 -0.113478 0.953852 
0.193323 0.028191 0.875855 
0.346472 0.119593 0.832671 
0.215261 0.254515 0.723656 
0.109803 -0.340252 0.969399 
-0.196636 -0.016801 0.899153 
0.089540 -0.309379 1.028628 
0.198829 -0.376650 1.065594 
-0.252361 -0.272782 1.025868 
-0.169505 -0.200512 1.000636 
0.324902 0.203363 0.769251 
0.338808 -0.215245 0.979777 
0.085032 -0.661873 1.103410 
-0.137231 -0.566049 1.028362 
0.201886 -0.018085 0.889912 
0.391399 -0.095680 0.936051 
-0.193654 -0.204585 1.031032 
-0.026830 0.469256 0.695095 
-0.599470 0.531543 0.653235 
-0.233973 -0.399602 1.165129 
0.367226 -0.436007 1.044852 
-0.111536 -0.714949 1.129142 
0.101418 -0.642690 1.069777 
-0.090199 0.188258 0.785624 
0.399477 -0.515730 1.122161 
0.177260 0.335435 0.783825 
-0.004450 0.495487 0.638894 
-0.091955 0.429231 0.690971 
0.086455 -0.295463 1.036177 
0.042900 -0.703442 1.242069 
0.225873 -0.419405 1.093514 
0.173305 -0.446560 1.105068 
0.302071 -0.404631 1.080389 
-0.030736 -0.742762 1.249661 
0.127514 -0.386696 1.019835 
0.138679 -0.657193 1.211074 
-0.279110 -0.375129 1.016364 
-0.011380 -0.223997 0.997245 
-0.102895 0.437444 0.701450 
0.283450 0.306119 0.661120 
-0.113957 0.445735 0.712422 
-0.237612 -0.395563 1.044942 
0.115333 -0.395019 1.045420 
-0.160541 -0.485340 1.079072 
0.143876 -0.649545 1.196581 
-0.162336 -0.685296 1.174305 
0.199272 -0.251637 1.020187 
0.143704 -0.308877 1.025194 
0.152345 -0.113267 0.941375 
0.190324 -0.018253 0.888964 
-0.370067 -0.016351 0.906468 
-0.197929 -0.506860 1.132695 
0.117295 -0.388179 1.034134 
0.331562 0.100064 0.840916 
0.423760 -0.228095 1.021977 
-0.168469 -0.491953 1.090905 
-0.137680 -0.684851 1.160839 
0.374261 -0.440738 1.080938 
0.290782 -0.158814 1.010037 
-0.085042 0.418173 0.681697 
0.304835 -0.520938 1.117942 
0.275488 -0.306827 1.039169 
0.561492 -0.356251 1.084559 
-0.372717 -0.012830 0.908640 
-0.431392 0.412843 0.729901 
0.203584 -0.595261 1.153094 
0.119596 -0.611165 1.165107 
-0.075464 -0.315490 1.052954 
0.493330 -0.249572 1.007612 
-0.056498 -0.211441 0.992452 
-0.073518 -0.314662 1.049097 
0.285831 -0.516193 1.095532 
0.225736 -0.549144 1.136069 
0.100751 -0.326987 1.033677 
0.196750 -0.378890 1.067298 
0.436467 -0.284125 1.024160 
-0.193073 -0.326724 1.063581 
0.188527 -0.477881 1.087221 
0.081590 -0.592534 1.137826 
-0.174729 -0.082838 0.933905 
0.220293 0.271919 0.699338 
-0.039791 -0.373587 1.008454 
0.487388 -0.138080 0.639595 
-0.123357 0.178540 0.785439 
-0.285185 0.514333 0.625918 
0.192129 0.168598 0.820415 
0.196359 0.209884 0.796068 
0.228746 -0.082464 0.941339 
0.229417 -0.081158 0.934353 
-0.223311 0.403817 0.693161 
0.425427 0.094417 0.285019 
0.301384 -0.156542 0.971343 
0.194404 0.228906 0.783875 
0.101457 -0.049185 0.925348 
0.235924 -0.084801 0.919468 
-0.319196 -0.246952 0.996190 
-0.315413 -0.387017 1.057235 
-0.071197 0.362905 0.664914 
-0.284351 0.474364 0.686120 
-0.173332 -0.493901 1.100730 
-0.218136 -0.227729 0.979398 
-0.331208 -0.180398 1.004685 
0.139908 -0.491484 1.059803 
0.180752 -0.392899 1.127737 
-0.408733 -0.785498 1.324257 
0.003135 -0.603392 1.082196 
-0.194151 -0.767242 1.214465 
0.295935 -0.205148 0.974727 
-0.336801 -0.249652 1.016367 
-0.191075 -0.370126 1.146284 
-0.209283 0.489050 0.614105 
-0.083924 0.372575 0.677502 
0.053948 0.545965 0.624070 
-0.412381 0.543709 0.630726 
-0.204151 -0.151940 0.975144 
0.078661 0.547409 0.711567 
-0.179475 -0.496881 1.107803 
-0.075741 -0.419970 0.974018 
0.071283 -0.712231 1.212990 
-0.009231 -0.264927 1.021244 
-0.010714 -0.616674 1.108902 
0.250365 -0.085006 0.877109 
-0.193750 -0.766584 1.215987 
-0.202941 -0.387478 1.124803 
-0.154987 0.520889 0.655721 
-0.089603 0.376871 0.683176 
-0.543212 0.473526 0.671123 
0.220386 0.035330 0.813516 
-0.190527 -0.783839 1.262106 
0.302575 -0.516112 1.105200 
-0.174346 -0.494498 1.100933 
-0.333035 -0.180385 1.003568 
-0.208206 -0.389173 1.134467 
0.170470 0.286543 0.827605 
-0.143426 0.509841 0.645080 
0.060524 0.535045 0.614916 
-0.377396 0.418122 0.657603 
0.267228 -0.474181 1.130748 
0.300775 -0.153691 0.961041 
0.059778 0.532504 0.612101 
-0.328610 -0.179552 0.995962 
-0.201928 -0.385389 1.123880 
0.073341 -0.660416 1.182418 
-0.336078 -0.730998 1.225593 
0.037087 -0.708102 1.216567 
0.390032 -0.479485 1.021749 
0.171320 -0.529682 1.084856 
-0.011484 -0.265832 1.026538 
-0.236760 -0.230940 1.002902 
-0.314468 -0.179180 0.986906 
0.484103 -0.390914 1.056425 
0.310982 -0.390481 1.031195 
-0.277276 -0.651013 1.204298 
-0.446492 0.006189 0.881008 
-0.542213 -0.126832 1.017764 
0.008028 -0.594760 1.063957 
-0.168017 -0.734182 1.170461 
0.267249 -0.041202 0.913662 
-0.366794 -0.254890 1.049159 
-0.529909 -0.127297 1.007485 
-0.512632 0.015304 0.935795 
-0.003133 0.552033 0.632972 
-0.226950 -0.617093 1.133848 
-0.198135 -0.384667 1.119296 
-0.013086 -0.611744 1.103007 
-0.152164 -0.719044 1.144513 
0.224432 0.103503 0.773834 
0.207970 0.227895 0.807688 
-0.243311 0.511303 0.642781 
-0.184661 -0.381222 1.100255 
-0.463239 0.010022 0.894545 
0.016634 -0.585950 1.043267 
-0.471037 0.452009 0.654980 
-0.214832 -0.780222 1.247586 
0.095074 0.462012 0.673430 
0.100051 -0.326278 1.039237 
-0.125647 -0.209840 0.851655 
-0.145101 -0.362877 1.039567 
0.021499 -0.494734 1.013429 
-0.147077 -0.686793 1.173369 
0.186072 -0.551028 1.140671 
0.378541 -0.208912 0.979233 
0.186880 0.103704 0.858475 
0.187784 -0.481940 1.098715 
-0.313908 -0.579767 1.306724 
0.270690 -0.398280 1.093681 
0.148086 -0.350495 1.023013 
0.419038 -0.366653 1.047081 
0.270763 -0.039975 0.908465 
-0.140980 -0.736890 1.177225 
0.031321 0.608287 0.594425 
-0.381198 -0.014833 0.901267 
0.066147 -0.669568 1.201166 
0.148842 -0.350283 1.021810 
-0.442824 0.380439 0.695175 
-0.053595 -0.353963 1.035875 
0.039274 0.579476 0.611767 
0.153433 -0.346657 1.009018 
0.083941 0.474245 0.694703 
0.385360 -0.423710 1.030320 
-0.312494 -0.369539 1.042613 
-0.377084 -0.015674 0.895747 
0.150748 -0.347944 1.014222 
0.236184 -0.453030 1.092356 
-0.392377 -0.014671 0.906418 
0.044839 0.546933 0.624597 
0.372185 -0.445661 1.100951 
0.157495 -0.485597 1.065552 
0.197466 0.316907 0.740355 
-0.441312 0.262966 0.768717 
0.270144 -0.394669 1.073542 
-0.421207 0.554622 0.635244 
0.377091 -0.434591 1.064489 
0.291457 -0.417160 1.115255 
0.231034 -0.390836 1.079902 
0.194827 -0.208241 0.992546 
-0.303319 -0.217636 1.183149 
-0.292980 -0.213277 1.169532 
0.323315 -0.241136 1.007419 
0.323724 -0.241184 1.007485 
-0.078825 0.568755 0.605249 
0.224659 0.194748 0.715445 
-0.829171 0.893629 1.117400 
0.057364 0.504910 0.639547 
-0.078849 0.203038 0.773223 
0.213693 0.219063 0.791866 
