-0.248671 -0.573071 1.025191
0.386101 -0.853824 1.107566
0.369468 -0.856344 1.098950
-0.212572 -0.824198 1.091868
-0.228796 -0.866977 1.121474
-0.678275 -0.413648 0.944468
0.303460 -0.732393 1.077131
-0.569684 -0.191851 0.967106
-0.371936 -0.522630 0.979999
-0.522925 -0.420867 0.934265
-0.465818 -0.296708 0.958205
-0.093934 -0.243733 0.968482
-0.138943 -0.443949 1.022513
-0.378744 -0.210653 0.966817
-0.226548 -0.954545 1.095978
-0.278827 -0.904585 1.108483
-0.323002 -0.640175 0.974185
-0.284919 -0.598224 0.987969
-0.191215 -0.698192 0.999160
-0.500791 -0.995449 1.148878
-0.378658 -1.061658 1.148921
-0.475524 -0.783356 1.013060
-0.239327 -1.072502 1.130500
-0.321319 -1.147243 1.177789
0.128649 -0.608082 1.057292
0.229491 -0.630029 1.050067
-0.231003 -0.606492 1.045776
-0.034949 -0.509312 1.040005
0.309737 -0.925196 1.128215
0.381087 -0.922049 1.119540
0.248351 -0.857860 1.113522
0.218136 -0.798794 1.104129
0.283859 -0.649536 1.052119
0.115128 -1.018391 1.147708
0.005763 -1.069906 1.168403
0.158347 -0.976501 1.149824
-0.003455 -0.868581 1.124870
0.069858 -0.971193 1.150505
0.116940 -0.776220 1.096777
0.053021 -0.868315 1.117551
-0.225861 -0.220952 0.957015
-0.386235 -0.953487 1.128675
-0.469782 -0.584992 1.046961
-0.130736 -0.843797 1.114450
-0.155995 -0.876974 1.121928
-0.148634 -0.674278 1.037700
-0.654720 -0.386592 0.928836
-0.784697 -0.465372 0.954254
0.336881 -0.864831 1.115032
0.347870 -0.819559 1.099256
-0.527015 -0.413312 0.880563
-0.262319 -0.747563 0.973052
-0.411508 -0.714726 0.968394
-0.631835 -0.335619 0.915748
-0.271379 -0.144109 0.942412
-0.090665 -0.474096 1.024202
-0.201992 -0.877368 1.117885
-0.208383 -1.387895 1.285515
-0.238155 -1.134776 1.141571
-0.250582 -1.196785 1.167484
0.044328 -0.603869 1.062342
-0.152848 -0.004648 0.886113
-0.781443 -0.340393 0.943462
-0.513225 -0.477502 0.941387
-0.203967 -0.818851 1.077819
0.314332 -0.807014 1.095634
-0.001731 -0.867974 1.122517
-0.313717 -1.140839 1.167405
-0.137855 -0.443686 1.019697
-0.320228 -0.273006 0.962130
-0.382885 -0.209724 0.970086
-0.846847 -0.375207 0.955764
-0.067908 -0.616303 1.070124
-0.226068 -0.283501 0.953497
-0.469922 -0.392855 0.864905
-0.030309 -0.277261 0.974868
-0.071746 -0.331404 0.983717
0.171395 -1.031360 1.129174
-0.539288 -0.181957 0.959529
-0.398830 -1.076460 1.174518
-0.367372 -0.445046 1.060138
-0.021427 -0.423264 1.002101
-0.036661 -0.707882 1.094185
-0.547380 -0.499852 0.966536
-0.649950 -0.580130 0.991842
-0.309272 -0.569528 1.005642
-0.414084 -0.476294 0.903697
-0.404167 -0.464008 0.889416
-0.453849 -0.398121 0.890166
-0.472822 -0.584372 1.048632
-0.496248 -0.993337 1.143540
-0.777021 -0.376980 0.946499
-0.190505 -0.758487 1.027074
-0.385184 -0.707912 0.943022
0.368090 -0.861191 1.112629
-0.161519 0.001991 0.894828
-0.026381 -0.424184 1.009816
-0.232522 -0.003889 0.914107
-0.316375 -1.141643 1.168648
-0.661460 -0.552954 0.919277
-0.188435 -0.696190 0.993934
-0.079552 -1.031806 1.162115
-0.113703 -0.486650 1.074935
-0.361825 -0.446533 1.053035
-0.417099 -0.534093 0.909051
-0.345683 -1.044555 1.114653
-0.721309 -0.472243 0.916772
-0.187501 -1.013765 1.115438
-0.418424 -0.689134 0.929575
-0.633602 -0.531976 0.964396
-0.296709 -0.762379 0.969522
-0.544163 -0.642182 0.992744
-0.406180 -0.463285 0.890696
-0.498040 -0.993040 1.145332
-0.412260 -0.627222 0.962838
-0.149734 -0.097955 0.930559
-0.259704 -1.198971 1.174461
-0.583122 -0.179377 0.952708
-0.135684 -0.442358 1.016343
-0.423476 -0.533901 0.914076
-0.153083 -0.337804 1.000624
-0.169113 -0.043112 0.903679
0.162730 -0.971465 1.137270
-0.101887 -0.064250 0.894151
-0.568255 -0.192696 0.967197
-0.359633 -0.446787 1.050041
-0.366346 -0.438192 0.977667
0.050118 -0.868425 1.120323
-0.225904 -0.285459 0.953753
-0.232804 -0.561345 1.053856
-0.712709 -0.712245 1.044726
0.228409 -0.629418 1.048388
-0.076300 -0.328290 0.989952
-0.440360 -0.393473 0.875192
-0.156598 -0.964860 1.145596
-0.323793 -0.689836 0.941032
-0.296282 -0.531090 1.043713
-0.672487 -0.311033 0.918942
-0.670354 -0.291145 0.900878
-0.414398 -0.462378 0.896638
-0.403602 -0.626397 0.953822
-0.656587 -0.386496 0.930926
-0.378261 -0.951169 1.121205
-0.487398 -0.988060 1.134328
-0.229226 -0.219432 0.962224
-0.166828 -0.044881 0.898683
0.160291 -0.975899 1.143686
-0.036430 -0.507791 1.039223
-0.023332 -0.423790 1.001808
-0.539395 -0.226043 0.961457
-0.077498 -1.025914 1.151410
-0.103921 -1.098544 1.179443
0.232801 -1.002327 1.143053
-0.489529 -0.566282 0.929673
-0.365580 -0.445913 1.056720
-0.795018 -0.376840 0.958763
-0.316888 -0.569222 1.007323
-0.241687 -0.957302 1.114189
-0.202295 -0.801642 1.100341
-0.227357 -0.860432 1.111277
0.099920 -0.915198 1.134828
0.066934 -0.969959 1.153475
0.000098 -0.866171 1.120224
-0.025216 -0.701876 1.073907
-0.444711 -0.120238 0.935808
-0.147723 -0.098216 0.927633
0.083068 -0.705588 1.092648
-0.444462 -0.396155 0.878376
-0.731170 -0.715011 1.057591
-0.189516 -1.013161 1.112026
-0.748012 -0.384050 0.928682
-0.374856 -0.456119 0.992981
0.000706 -0.545026 1.044473
-0.187284 -0.977651 1.181594
-0.681243 -0.288815 0.906940
-0.419753 -0.574220 0.972621
-0.241930 -0.604876 1.050875
-0.282844 -0.572868 1.028261
-0.372873 -1.058873 1.147684
0.307920 -0.928106 1.131303
-0.178262 -0.595777 1.044729
0.065124 -0.597240 1.059835
-0.103640 -0.469672 1.037705
-0.396211 -0.010863 0.904768
-0.121538 -0.051688 0.913095
-0.459533 -0.299845 0.955378
-0.316558 -0.635894 0.962361
-0.149048 -0.987423 1.137171
-0.172314 -0.970135 1.161827
-0.239543 -0.603957 1.047092
-0.222386 -0.671473 1.095824
-0.204080 -0.883179 1.117627
-0.494843 -0.797328 1.034788
-0.482376 -0.980817 1.127115
0.003802 -0.865995 1.119079
0.160373 -0.979733 1.142066
0.111167 -0.773906 1.093409
-0.064347 -0.619871 1.063796
-0.677768 -0.313950 0.921517
-0.430980 -0.685399 0.939403
-0.520701 -0.461137 0.946394
-0.604966 -0.461784 0.928834
-0.214062 -0.766620 1.042415
-0.379339 -0.813692 0.984416
-0.605871 -0.382548 0.922091
0.243020 -0.848985 1.106072
-0.237807 -0.287814 0.966323
-0.021318 -0.430528 0.993568
-0.648167 -0.576242 0.982721
-0.351419 -0.390782 0.919691
-0.377515 -0.532639 1.006993
-0.819525 -0.378687 0.974528
-0.736916 -0.398289 0.924165
-0.179995 -1.009339 1.106481
-0.625380 -0.532500 0.959110
-0.031344 -0.706710 1.084507
0.265699 -0.680881 1.063012
-0.101697 -1.096355 1.176848
-0.233611 -0.362216 0.992586
-0.303174 -0.058630 0.922933
-0.322676 -0.639687 0.973707
-0.139556 -0.538297 1.046949
0.336165 -0.786610 1.092365
-0.361496 -0.968785 1.128910
-0.314946 -0.687873 0.933798
-0.304719 -0.119289 0.927675
0.314614 -0.806825 1.094710
-0.280539 -0.578552 1.027167
0.375012 -0.878703 1.110338
0.103503 -0.914224 1.133761
-0.097850 -0.120384 0.915685
0.336726 -0.783633 1.089955
0.219516 -0.798315 1.099856
-0.021267 -0.367895 1.000110
-0.662601 -0.385525 0.935478
-0.246352 -0.324340 0.990916
-0.420169 0.003045 0.928821
-0.538329 -0.183477 0.956038
-0.180773 -0.595528 1.050213
-0.544722 -0.498137 0.962397
-0.242055 -0.284921 0.971508
-0.445305 -0.690065 0.952048
-0.656259 -0.579355 0.993289
-0.272445 -0.370017 0.993276
-0.100326 -1.096836 1.169027
-0.663112 -0.579278 0.996771
-0.330354 -1.149240 1.180530
-0.663586 -0.677191 1.013266
-0.330641 -0.691553 0.942025
-0.148796 -0.771728 1.108807
-0.475625 -0.847669 1.052787
0.111528 -0.858724 1.112043
0.014716 -0.771798 1.106039
-0.680512 -0.553682 0.932170
-0.699058 -0.657387 1.004982
-0.175035 -0.813493 1.117708
0.376642 -0.838516 1.102520
-0.083981 -1.000649 1.160874
-0.145614 -0.771747 1.105261
-0.220105 -0.858794 1.103674
-0.802252 -0.391832 0.971023
-0.270551 -0.585406 1.028372
-0.678682 -0.637944 1.018165
0.078855 -0.554321 1.046921
-0.543586 -0.926401 1.143606
-0.293112 -0.850515 1.026531
-0.236664 -0.953114 1.109180
0.076554 -0.554356 1.045385
0.136768 -0.876326 1.096018
0.017726 -0.766618 1.096232
-0.587280 -0.462298 0.922431
0.099821 -0.662533 1.075927
-0.304528 -0.114863 0.925364
-0.359080 -0.213924 0.991116
-0.540298 -0.225015 0.959086
-0.412045 -0.861652 1.093902
-0.149239 -0.093990 0.929183
-0.090400 -0.247944 0.967395
-0.416924 -0.462610 0.899090
-0.646523 -0.636833 0.995553
-0.341478 -0.654056 0.934295
-0.644701 -0.307348 0.908443
-0.206593 -1.191876 1.180605
-0.255943 -0.573395 1.032175
-0.357555 -0.992398 1.138320
-0.201514 -1.186300 1.174437
-0.262761 -0.714464 0.954863
-0.397630 -0.854978 1.079999
-0.786703 -0.339530 0.946018
-0.590916 -0.462707 0.923590
-0.858814 -0.161578 1.007822
-0.092770 -0.248780 0.965729
-0.418966 -0.456077 0.909499
0.216818 -0.803860 1.108555
-0.317233 -0.688944 0.932292
-0.137821 -0.839987 1.120420
-0.532611 -0.569844 0.963568
0.282715 -0.648561 1.053209
0.101861 -0.664105 1.070638
-0.158537 -0.337682 1.004311
0.226765 -0.627853 1.047447
0.068024 -0.549083 1.043122
0.095261 -0.701519 1.077145
-0.372170 -1.066082 1.149111
-0.838057 -0.352986 0.948450
-0.221824 -0.863692 1.111192
-0.516585 -0.616164 0.990971
0.069502 -0.599291 1.058924
-0.252906 -0.978096 1.105572
-0.387776 -0.911354 1.126810
-0.800483 -0.337786 0.955279
-0.589078 -0.551513 0.871942
-0.621713 -0.528252 0.950439
-0.583628 -0.179363 0.953118
0.009144 -0.397011 1.013167
-0.175238 -0.595765 1.044049
-0.225341 -0.713746 0.992453
-0.621018 -0.577868 0.973293
0.361067 -0.902959 1.121340
-0.282746 -0.759521 0.959008
-0.010461 -0.068124 0.884699
-0.456025 -0.778967 0.998233
-0.369679 -0.901058 1.105200
0.348043 -0.819660 1.099254
0.235218 -1.001510 1.145463
0.248532 -0.854715 1.107613
-0.119391 -0.387362 1.004668
-0.177019 -0.595972 1.045277
-0.100127 -1.140141 1.205751
-0.208795 -0.264159 0.956889
-0.590044 -0.464106 0.927691
-0.173979 -0.595543 1.042156
-0.343345 -0.437752 1.077721
-0.354776 -0.989145 1.131386
0.370959 -0.875276 1.111193
0.397939 -0.975467 1.127949
-0.237392 -0.603748 1.045726
-0.445831 -0.776051 0.987107
0.299671 -0.735902 1.078555
-0.315226 -1.030233 1.128307
-0.342059 -0.719763 0.929729
-0.305570 -0.065719 0.924685
0.226344 -0.629892 1.052149
-0.377852 -0.944299 1.130779
-0.144610 -0.103083 0.925845
-0.314531 -1.046035 1.141274
-0.193809 -0.915076 1.138890
-0.643993 -0.290569 0.936401
-0.379231 -0.946260 1.133501
-0.095220 -0.471649 1.028344
-0.314287 -0.523232 1.034530
0.140178 -0.653103 1.056555
-0.158018 -0.877983 1.123228
-0.170164 0.008022 0.902808
-0.409215 -0.456069 0.900507
-0.001850 -0.341677 0.983991
-0.134800 -0.838625 1.115768
-0.592950 -0.388142 0.911010
-0.650784 -0.529408 0.975034
-0.205696 -1.190617 1.178472
-0.501798 -0.681127 0.995131
-0.140343 -0.438889 1.018718
-0.367482 -0.435863 1.092480
-0.276192 -0.531508 1.073884
-0.235717 -1.236744 1.231483
0.016658 -0.394305 1.010396
-0.705824 -0.674044 1.017639
0.410761 -0.868353 1.109330
-0.666435 -0.399736 0.935888
-0.474036 -0.848654 1.052532
0.018037 -0.372863 0.988961
-0.472656 -0.046411 0.943421
-0.293694 -0.789368 0.973909
0.349302 -0.819104 1.096930
-0.809530 -0.152120 0.966789
-0.290693 -0.793280 1.003396
0.235163 -1.001231 1.142075
0.420161 -0.939119 1.123920
-0.045738 -0.059542 0.914510
-0.136496 -0.842612 1.120926
-0.173960 -1.349438 1.328206
-0.667370 -0.312845 0.914841
-0.092687 -1.211854 1.285097
-0.430684 -0.571925 0.926960
-0.550019 -0.181748 0.960500
0.003613 -0.544434 1.042139
-0.082898 -0.999349 1.158298
-0.225381 -0.636754 1.027393
-0.182291 -0.796414 1.070540
-0.426529 -0.865366 1.110084
-0.191142 -0.933603 1.139202
-0.248950 -0.872042 1.141851
0.338091 -0.781797 1.089852
0.324914 -0.932452 1.100369
-0.633866 -0.322600 0.909147
-0.254524 -0.979316 1.107408
0.323002 -0.748678 1.078551
0.134728 -0.963086 1.138632
0.034658 -0.713820 1.082335
0.012140 -0.784269 1.104590
0.082171 -0.554280 1.045131
0.369795 -0.854628 1.094242
-0.076856 -1.031411 1.159232
-0.189799 -0.303461 0.987959
-0.252972 -0.856815 1.101328
0.321787 -0.748776 1.078956
-0.255646 -0.931638 1.105986
-0.124683 -0.387334 1.009895
-0.205028 -0.879821 1.119908
-0.394312 -0.524843 1.017540
-0.313473 -1.133325 1.134006
-0.468108 -0.600326 0.943473
-0.642273 -0.293946 0.936586
-0.268635 -0.629719 0.983317
-0.125905 -1.148621 1.134064
-0.583710 -0.504401 0.906389
-0.694031 -0.286112 0.914949
0.418557 -0.941978 1.129035
0.322163 -0.749137 1.081116
-0.220586 -0.603498 1.029078
0.005650 -0.543122 1.042658
-0.206475 -0.063181 0.921503
-0.238162 -0.093644 0.922489
-0.276457 -0.577341 1.021637
-0.565808 -0.391194 0.892213
-0.382638 -0.366818 0.979434
-0.141855 -0.774650 1.099595
-0.155954 -0.966035 1.145631
-0.140397 -0.672148 1.020518
0.366320 -0.855044 1.100767
-0.310929 -0.113650 0.932229
0.344594 -1.034637 1.217250
-0.580591 -0.453361 0.911723
-0.661434 -0.579224 0.999944
-0.349156 -0.988789 1.130631
0.397984 -0.978828 1.133323
-0.235993 -0.090318 0.922622
0.295764 -0.694347 1.066917
-0.204496 -0.386268 1.046226
-0.254352 -0.573424 1.029903
0.009211 -0.563456 1.041217
-0.256224 -0.931991 1.102381
-0.368643 -0.438715 0.978385
0.125095 -1.082820 1.170771
-0.144482 -0.617797 1.062941
-0.267948 -0.626306 0.980253
-0.136922 -0.617624 1.052657
-0.268131 -0.628965 0.981383
-0.196000 -0.756332 1.047596
-0.422796 -0.533568 0.913667
-0.172218 -0.776224 1.065706
-0.408379 -0.462533 0.891554
0.351836 -0.820275 1.102472
-0.375234 -0.671323 0.892229
-0.025536 -0.418320 1.012962
0.354946 -0.895120 1.114770
-0.432620 -0.123321 0.927324
-0.426900 -0.865146 1.111185
-0.240008 -0.601370 1.049194
-0.136056 -0.669353 1.050559
-0.206460 -0.761612 1.045075
-0.144670 -0.338425 0.991164
-0.441614 -0.116110 0.934641
0.387466 -0.853013 1.103494
-0.143034 -0.669984 1.060378
-0.469379 -0.298683 0.966029
0.320216 -0.926101 1.127405
-0.230304 -0.363448 0.989009
-0.095175 -0.133748 0.924651
-0.463199 -0.166802 0.948937
-0.255332 -0.573336 1.027268
-0.320990 -0.636875 0.968742
0.005044 -1.070876 1.170067
-0.558127 -0.646823 1.017330
-0.263537 -0.714683 0.955872
0.487698 -0.979335 1.145218
-0.539583 -0.685943 1.031225
-0.503866 -0.606211 1.021413
0.396291 -0.978420 1.133950
-0.575405 -0.468948 0.914524
0.372049 -0.814159 1.096592
0.296078 -0.693853 1.066068
-0.198736 -0.630859 1.050040
-0.356064 -1.035648 1.151522
-0.324180 -0.345945 0.994170
-0.232357 -1.065981 1.121256
-0.018640 -0.291612 0.960289
-0.228261 -0.290304 0.958776
0.319991 -0.954157 1.147907
0.393613 -0.829142 1.099643
-0.373018 -0.279434 0.982005
-0.329128 -0.845802 1.053502
0.313407 -0.674104 1.059053
-0.535164 -0.422388 0.883331
-0.337491 -0.692176 0.940233
-0.375639 -0.396778 0.965175
-0.355604 -0.991444 1.134251
-0.233704 -0.290136 0.964599
-0.286350 -0.598051 0.989333
-0.677597 -0.396397 0.936255
0.337789 -0.729726 1.073287
0.390168 -1.153150 1.477946
-0.079773 -0.998340 1.155718
0.095387 -0.918797 1.142440
0.313076 -0.764070 1.085874
-0.259308 -0.936261 1.106381
-0.230220 -0.293490 0.960858
-0.078283 -0.673317 1.080443
-0.227573 -0.807986 1.104972
-0.325334 -0.344321 0.995517
0.000872 -0.341430 0.986179
-0.070067 -1.075411 1.142633
-0.183758 -0.625527 1.056186
-0.226548 -1.078854 1.117016
-0.264456 -0.773728 0.980853
0.003405 -0.565653 1.054551
-0.099872 -1.094884 1.174221
-0.147515 -0.774251 1.108223
0.314497 -0.805363 1.094333
0.339392 -0.866654 1.109535
-0.217283 -0.550667 1.016831
-0.493555 -0.605920 1.012986
-0.412430 -0.860401 1.097602
-0.392379 -0.430376 0.875684
0.470361 -0.969909 1.128639
-0.175245 -0.202272 0.947619
-0.007156 -0.071589 0.880808
-0.367120 -0.671645 0.894696
-0.348066 -0.452099 1.038016
0.244438 -0.854804 1.112811
-0.210382 -0.646545 1.024278
0.328138 -0.699931 1.066915
-0.835618 -0.138404 0.979189
-0.475566 -0.391998 0.868858
0.408228 -0.866084 1.108557
-0.394176 -0.891293 1.076926
-0.519563 -0.915318 1.120370
0.101598 -0.667287 1.069899
-0.243812 -0.531581 1.032629
0.295155 -0.956187 1.136722
0.072096 -0.967400 1.144478
-0.239402 -1.135163 1.142987
0.296524 -0.953110 1.129924
-0.229475 -1.079809 1.121009
-0.226908 -0.859736 1.109963
-0.035038 -0.703257 1.092730
-0.275733 -1.209998 1.191956
-0.163090 -0.561476 1.047105
-0.188474 -1.008872 1.105207
-0.471805 -0.600961 0.953121
0.508000 -1.112551 1.324946
-0.376561 -0.396655 0.964854
0.369140 -0.854621 1.098604
0.017224 -0.769547 1.100337
0.067743 -0.525252 0.875237
-0.286354 -0.448448 1.020235
-0.280160 -0.757455 0.952413
-0.317794 -0.847580 1.046538
0.012437 -0.563020 1.036577
-0.358767 -0.889113 1.071025
0.372879 -0.744148 1.076467
-0.377062 -0.178343 0.960364
0.328576 -0.699965 1.065230
0.390370 -1.161366 1.332037
-0.129377 -0.532898 1.035667
-0.290467 -0.588927 0.989606
-0.351335 -0.119033 0.950532
-0.188900 -0.625109 1.058407
-0.156554 -0.967941 1.146678
0.259223 -0.833445 1.116840
-0.357263 -0.117114 0.954647
0.396855 -0.840189 1.103140
0.320487 -1.237230 1.355083
-0.337222 -0.713113 0.935303
-0.000794 -0.824937 1.109379
-0.550695 -0.474970 0.970223
-0.330841 -0.136844 0.930944
-0.244237 -0.762997 1.039433
0.500454 -1.133860 1.374619
0.383648 -0.838259 1.103092
0.289014 -0.718593 1.075106
-0.154479 -1.001407 1.153086
0.302131 -0.734776 1.072694
-0.002199 -0.825665 1.119346
-0.519022 -0.881695 1.124795
-0.287521 -1.011176 1.131932
-0.244067 -0.320521 0.983288
-0.016793 -0.559583 1.069905
-0.080195 -1.125380 1.172975
-0.421970 -0.719047 0.979579
-0.378726 -0.942412 1.122315
-0.338573 -0.436825 1.076520
-0.377381 -0.536756 1.004615
-0.104559 -1.097526 1.177131
-0.153201 -0.673328 1.051965
0.284410 -0.648993 1.052106
0.370978 -0.748546 1.077522
0.373915 -0.742912 1.074925
0.316376 -1.252754 1.373157
-0.152783 -0.339742 0.995967
0.348010 -0.819514 1.100256
0.323096 -0.945438 1.133015
0.310637 -1.261095 1.396667
0.131134 -0.656597 1.079471
-0.564339 -0.454994 0.908721
-0.089718 -1.124015 1.182126
0.130708 -0.964742 1.137572
-0.201838 -0.764681 1.030795
0.464082 -0.833936 1.095579
0.460818 -0.823681 1.096844
-0.117468 -1.067448 1.154106
0.396656 -1.091867 1.343006
0.158295 -0.688757 1.077149
0.396759 -1.097985 1.355306
0.322176 -0.949425 1.139138
-0.150230 -0.342895 0.991734
-0.213322 -0.697526 1.023106
-0.110459 -1.255861 1.416929
-0.119943 -1.262164 1.425448
0.313853 -0.672989 1.063613
-0.196792 -0.826443 1.114791
-0.417948 -0.861342 1.103478
-0.418111 -0.950099 1.128039
0.358419 -0.681612 1.058140
0.360480 -0.811856 1.094563
-0.278845 -0.758739 0.954792
-0.020369 -0.054135 0.899735
0.335168 -0.783279 1.091892
-0.147777 -0.669106 1.065375
0.440657 -0.796877 1.088740
-0.408004 -0.462477 0.891805
0.005341 -0.082967 0.866097
-0.259176 -0.316778 1.001874
0.124881 -1.158810 1.373294
0.459318 -0.827237 1.094781
-0.338608 -0.293709 0.980349
0.360629 -0.890108 1.095190
-0.449385 -0.118462 0.938597
0.379501 -0.921741 1.119338
-0.343515 -0.220284 0.928670
0.372887 -1.140820 1.319401
0.418704 -0.939365 1.123944
0.354639 -0.720066 1.068214
-0.386187 -0.394088 0.971589
-0.154965 -0.877195 1.120857
0.377838 -0.753536 1.077881
-0.199647 -1.538382 1.307839
-0.375397 -0.944707 1.129364
0.282282 -0.648022 1.053203
-0.039634 -0.704716 1.095327
0.335506 -0.799273 1.091522
-0.483837 -0.891042 1.125998
0.361642 -1.185721 1.376665
0.341743 -0.726342 1.071660
-0.222917 -0.807049 1.102007
0.368217 -0.712995 1.069297
0.497466 -1.120632 1.347054
-0.123772 -0.391895 1.002104
0.154424 -0.985684 1.156898
-0.340522 -0.442796 0.957234
-0.274758 -0.369854 0.997874
-0.238770 -1.133005 1.140965
-0.267006 -0.143590 0.937578
0.313614 -1.256042 1.366862
0.341779 -0.727761 1.071396
0.389986 -1.168360 1.348671
-0.075789 -0.325843 0.988280
-0.292396 -0.589150 0.991122
-0.458216 -0.298680 0.952442
-0.229674 -0.977525 1.122090
-0.280139 -1.005802 1.122492
0.035582 -1.285860 1.644288
-0.101997 -1.247395 1.407076
0.360412 -0.812087 1.092831
-0.461918 -0.306879 0.949105
0.294087 -0.955613 1.134161
-0.222879 -1.056620 1.110852
-0.117918 -0.055448 0.908640
0.368828 -1.159870 1.330378
0.466255 -0.755086 1.070946
0.494312 -0.842316 1.095565
0.417514 -0.939847 1.127289
0.319710 -0.969372 1.156065
0.354687 -0.720162 1.067943
0.307795 -0.931309 1.132720
-0.072535 -1.221363 1.362227
0.357724 -0.682570 1.058837
-0.083928 -1.231583 1.379375
-0.340688 -0.452774 1.032014
-0.368569 -0.398215 0.955317
0.474679 -0.852680 1.099901
-0.114496 -0.053821 0.906243
-0.335974 -0.992549 1.134221
-0.243394 -0.547655 1.050908
-0.145161 -0.772776 1.104315
0.360588 -1.198509 1.337263
0.316760 -1.253725 1.388470
-0.566129 -0.169796 0.954685
-0.190623 -0.912461 1.134532
-0.260501 -0.746722 0.971068
0.368607 -0.878631 1.113622
0.314646 -0.725614 1.074765
-0.573661 -0.167165 0.959813
0.400633 -1.068483 1.291858
-0.384934 -0.540319 1.022197
0.396988 -0.853139 1.107333
0.000004 -0.564959 1.058789
-0.110683 -1.273253 1.460196
-0.083487 -0.977696 1.137305
-0.408065 -0.400418 0.965366
-0.200999 -0.877320 1.115843
-0.237556 -1.070479 1.128446
0.230839 -0.294036 0.928907
-0.233585 -0.221511 0.967724
0.421164 -0.630233 1.037353
0.360274 -0.657457 1.056612
0.491745 -0.817733 1.086218
0.494237 -1.128294 1.334118
0.230377 -0.628246 1.043065
-0.178411 -0.949306 1.145330
0.344910 -0.893857 1.121322
-0.599392 -0.159901 0.977391
0.380265 -0.921264 1.118060
-0.217121 -0.810620 1.085418
-0.193746 -0.286582 0.974097
-0.072207 -0.664181 1.068831
0.303074 -0.924500 1.131994
-0.154712 -0.985581 1.159915
-0.102504 -0.970841 1.147500
0.106800 -0.774457 1.099466
0.458123 -0.652372 1.043971
0.512109 -0.696136 1.054790
0.469142 -0.750789 1.074014
0.425366 -0.612689 1.035305
0.513103 -0.706659 1.052750
0.219060 -0.258364 0.922329
0.459437 -0.651910 1.042765
0.486584 -0.819502 1.092855
0.296884 -0.951426 1.129585
0.488982 -1.118326 1.323721
0.514694 -0.757136 1.069633
-0.163620 -0.675242 1.046774
0.433011 -0.636112 1.040178
0.419116 -0.628943 1.038840
-0.228244 -0.292487 0.958836
0.478711 -0.690999 1.052494
0.646374 -1.036684 1.263039
0.371257 -0.745656 1.078115
0.581207 -0.988295 1.260545
-0.267595 -0.771167 0.994463
-0.166830 -1.040941 1.127057
-0.195503 -1.026271 1.129155
0.485969 -1.050583 1.325796
0.481282 -0.789075 1.084993
0.491179 -1.127310 1.337014
0.368354 -0.552171 1.020230
-0.147397 -0.536249 1.056500
0.363144 -0.890332 1.115054
-0.087697 -1.093497 1.175147
0.489591 -1.051444 1.330881
0.445290 -1.235818 1.318223
-0.243842 -0.494744 1.037656
-0.044959 -0.283936 0.970049
0.224708 -0.267300 0.925696
0.386235 -0.543638 1.016831
0.353544 -0.651616 1.049791
-0.589528 -0.185255 0.982669
0.400498 -1.143350 1.303777
-0.304049 -0.584337 1.005620
-0.141848 -1.308142 1.527877
0.515476 -1.132705 1.363197
-0.032573 -0.274275 0.965849
0.390800 -1.169276 1.354760
-0.097135 -0.967255 1.140246
-0.279137 -0.309855 1.014290
0.104255 -0.913874 1.131140
-0.120730 -0.982593 1.175147
0.683071 -1.006013 1.252467
0.030525 -0.399218 0.994786
0.436081 -0.502920 1.002674
0.034249 -0.400854 0.990645
0.223997 -0.267517 0.925446
0.340657 -0.727794 1.070684
0.435741 -0.501690 1.001477
0.359223 -0.813067 1.093936
0.486230 -0.821551 1.093273
0.517724 -0.705992 1.055821
-0.180085 -1.108167 1.232719
-0.281775 -0.304626 0.963164
0.622460 -1.082541 1.257260
0.357862 -0.875705 1.113820
0.044738 -0.866918 1.121106
-0.130184 -1.273063 1.438903
0.029223 -0.394116 0.991418
0.368275 -0.675871 1.056423
-0.185316 -0.075644 0.962437
0.315453 -1.256867 1.367033
0.422563 -0.733029 1.065781
0.358351 -0.717950 1.065018
0.204360 -0.244062 0.933541
-0.057142 -0.280652 0.981301
-0.081671 -1.000598 1.159882
0.091809 -0.921589 1.145451
-0.159055 -1.094597 1.137265
-0.117833 -0.327927 0.986017
0.311404 -0.765918 1.083765
-0.185948 -1.364763 1.312898
0.540503 -0.617900 1.030342
0.477914 -0.691767 1.053921
0.540730 -0.616509 1.031393
0.535415 -0.607705 1.028051
0.524725 -0.718703 1.059397
0.499663 -0.638570 1.029043
0.507800 -0.695247 1.049885
0.500789 -0.637617 1.028559
0.238609 -0.290835 0.928736
0.477214 -0.798754 1.083663
0.079000 -0.555822 1.032386
-0.082750 -0.623988 1.085569
0.183996 -0.905090 1.121720
0.436315 -0.920333 1.120137
0.299673 -1.221124 1.370566
0.217457 -0.260658 0.921002
-0.223001 -0.670466 1.095305
0.401218 -0.845387 1.101899
0.076455 -1.228800 1.519057
0.439664 -0.797269 1.086732
0.438845 -0.918301 1.116155
0.674751 -0.814419 1.076782
0.557321 -0.652491 1.039452
0.519591 -0.705170 1.057240
0.593287 -0.713456 1.052180
0.568543 -0.665647 1.039892
0.593643 -0.712535 1.050404
0.466293 -0.654005 1.041314
0.157545 -0.822778 1.115202
0.507167 -0.696155 1.053213
0.523841 -0.720507 1.063201
0.156467 -0.821852 1.115135
0.411231 -0.698379 1.059685
0.535817 -0.606450 1.026594
0.167165 -1.117215 1.299876
0.018190 -0.029909 0.885306
-0.133554 -0.537729 1.040336
-0.014273 -0.367764 0.991419
-0.078473 -0.671996 1.080977
0.418836 -0.939231 1.124267
0.235348 -0.956181 1.146036
-0.109872 -0.055140 0.912822
-0.109251 -0.055593 0.913614
-0.112692 -0.053289 0.915690
0.531191 -0.480384 0.976928
0.723004 -0.881667 1.202906
0.702010 -0.934562 1.215414
0.095221 -0.040063 0.845326
0.582988 -0.990890 1.268309
0.079631 -0.030417 0.858052
0.314090 -0.727313 1.073528
0.523805 -0.477039 0.996134
0.170360 -0.908756 1.140328
0.562092 -0.646152 1.031065
0.497931 -0.633570 1.039246
0.655642 -1.040513 1.264992
0.623496 -1.105076 1.304075
0.363938 -1.161527 1.337317
0.369602 -1.155116 1.320836
0.484644 -0.823298 1.090440
0.178917 -0.617502 1.051498
-0.049112 -0.582362 1.058015
0.024932 -0.702296 1.087785
0.431960 -1.175696 1.353818
0.186659 -1.099969 1.271249
0.360018 -0.812780 1.094388
0.115891 -0.774829 1.094107
0.398424 -0.653879 1.044889
0.691687 -0.950439 1.182895
0.360785 -0.657972 1.052664
0.725561 -0.794420 1.074695
0.675442 -0.762786 1.059505
0.725629 -0.796958 1.080021
0.404053 -0.157223 0.910274
0.440997 -0.500881 0.990288
0.720592 -0.893231 1.228368
0.379668 -0.753279 1.074245
-0.091760 -0.245224 0.967354
0.312412 -0.752953 1.068748
0.409753 -0.700236 1.058719
0.566623 -0.665103 1.042393
0.042886 -0.396036 0.969522
0.281290 -0.646427 1.053591
0.570490 -0.420178 0.947340
0.569599 -0.420691 0.948606
0.253385 -0.624422 1.046268
0.440131 -0.211738 0.914213
0.467461 -0.752837 1.068627
0.682448 -0.665319 1.028364
0.567774 -0.422467 0.948209
0.599521 -0.497259 0.972528
0.244031 -0.849195 1.107864
0.681397 -0.664319 1.028636
0.676899 -0.760974 1.058940
0.515727 -0.667148 1.034559
0.676351 -0.761465 1.059227
0.184119 -1.100490 1.268828
0.666937 -0.706089 1.048487
0.210498 -0.858098 1.112435
-0.009789 -0.767142 1.175605
0.692061 -0.951016 1.184645
0.466353 -0.752460 1.071135
0.437604 -0.503010 1.001633
0.025986 -0.552619 1.008098
0.459513 -0.827096 1.092966
0.544865 -0.611264 1.018822
0.010399 -0.544270 1.029702
0.723362 -0.988070 1.247970
-0.061883 -0.274937 0.976117
0.414839 -0.622343 1.039113
0.643830 -1.044336 1.275465
0.644441 -1.045064 1.277404
0.298704 -1.222893 1.370527
0.350202 -0.827375 1.103880
0.331511 -0.710132 1.070358
-0.065298 -0.273853 0.982543
0.023536 -0.702348 1.089923
0.743292 -0.806691 1.057608
0.665731 -0.704009 1.041151
0.657569 -0.604575 1.002427
0.684724 -0.666798 1.029249
0.644724 -1.037382 1.263910
0.651762 -0.612663 1.030814
0.552855 -0.637167 1.026881
0.751020 -0.733986 1.044519
0.553231 -0.572417 1.012153
0.506848 -0.154005 0.850063
0.831589 -0.959229 1.220087
0.479884 -1.140190 1.343720
0.489108 -1.049551 1.322464
0.471750 -0.055459 0.821366
0.505660 -0.152333 0.851983
0.750117 -0.735201 1.047064
0.156951 -0.821983 1.114107
0.506470 -0.152234 0.850442
0.443736 -0.794099 1.084895
0.468846 -0.241715 0.900910
0.749148 -0.738046 1.054113
0.803564 -0.781981 1.044001
0.541008 -0.426792 0.974940
0.809636 -0.902820 1.191324
0.537775 -0.425377 0.981638
0.169301 -0.912015 1.143798
0.468093 -0.752809 1.068316
0.438833 -0.498711 0.986510
0.314753 -0.805947 1.094220
0.350930 -1.211926 1.360188
0.336933 -0.786430 1.089967
0.807331 -0.787988 1.057808
0.183609 -0.904356 1.121735
0.580474 -0.309279 0.912554
0.447197 -0.021510 0.808859
0.428966 -0.202711 0.894906
0.768065 -0.731022 1.048548
0.731758 -0.657738 1.017887
0.738613 -0.716776 1.035667
0.593965 -0.715838 1.054610
0.611236 -0.424201 0.953334
0.728258 -0.595816 1.003624
0.455475 -0.038324 0.845866
0.805445 -0.787345 1.058950
0.619737 -0.303383 0.902071
0.727772 -0.594015 1.010979
0.508129 -0.153552 0.844510
0.766906 -0.669649 1.011757
0.681271 -0.661915 1.025236
0.732307 -0.588393 0.974914
0.321552 -0.679932 1.061160
0.432159 -0.871528 1.112361
0.528407 -0.479814 0.984017
0.434332 -0.635888 1.036923
0.683029 -0.845347 1.077867
0.385802 -0.880014 1.111102
0.479920 -0.688870 1.049052
0.351788 -0.726040 1.074224
0.396200 -0.896099 1.113512
0.712195 -0.377455 0.919675
0.581630 -0.311929 0.909295
0.712430 -0.377093 0.917562
0.766313 -0.536950 0.968452
0.621289 -0.260558 0.879750
0.768664 -0.536678 0.958165
0.585647 -0.198399 0.858728
0.625622 -0.304288 0.891659
0.580512 -0.150100 0.820652
0.766846 -0.537449 0.961844
0.619741 -0.263666 0.875825
0.621150 -0.267348 0.868034
0.618694 -0.304454 0.902351
0.580065 -0.995916 1.273307
0.762776 -0.760094 1.059235
0.704416 -0.478503 0.991512
0.598415 -0.356335 0.920505
0.702166 -0.550955 0.971185
0.598508 -0.354602 0.917241
0.748395 -0.479740 0.949057
0.700992 -0.549996 0.979443
0.534614 -0.089885 0.832486
0.595141 -0.353331 0.925515
0.330583 -1.243564 1.634388
0.610730 -0.428560 0.939616
0.657114 -0.428801 0.942183
0.600776 -0.497367 0.967054
0.508142 -0.671438 1.050199
0.409005 -0.700982 1.060047
0.100486 -0.666758 1.072772
0.169756 -1.118140 1.303907
0.280846 -0.648795 1.055352
0.311877 -0.764038 1.087693
0.726251 -0.781714 1.079287
0.456770 -0.032871 0.795400
0.567735 -0.467763 0.970451
0.627465 -0.303475 0.889464
0.567578 -0.664445 1.040842
0.680664 -0.673554 1.049224
0.625030 -0.302887 0.895027
0.517700 -0.021944 0.782383
0.549999 -0.363233 0.939260
0.867626 -0.717606 1.080745
0.622661 -0.262418 0.874356
0.536325 -0.224806 0.874908
0.481479 -0.121400 0.824289
0.712069 -0.375592 0.910578
0.454485 -0.028246 0.799265
0.583587 -0.196051 0.863348
0.516418 -0.024652 0.781666
0.677193 -0.831474 1.093532
0.658511 -0.427641 0.938988
0.584034 -0.197930 0.861843
0.697434 -0.553899 0.992578
0.849018 -0.690250 1.020190
0.769474 -0.712405 1.046817
0.365214 -0.663651 1.054576
0.552344 -0.363707 0.937022
0.537048 -0.089639 0.829762
0.767910 -0.732258 1.050453
0.764510 -0.762790 1.051946
0.552400 -0.363709 0.933643
-0.116766 -0.051383 0.908844
0.223287 -0.258567 0.919998
0.522890 -0.726546 1.057999
0.357760 -0.877698 1.111335
0.333088 -0.682072 1.065440
0.492909 -1.068801 1.362673
0.858540 -0.758525 1.041733
0.480009 -0.249756 0.884944
0.646821 -0.224300 0.881520
0.860976 -0.735190 0.981386
0.866443 -0.689502 0.994368
0.866624 -0.708215 1.047835
0.398027 -0.839411 1.102646
0.615261 -0.425728 0.938517
0.849077 -0.692775 1.030842
0.729618 -0.657481 1.023089
0.336263 -0.682410 1.059060
0.582940 -0.310081 0.903165
0.705236 -0.405052 0.912074
0.473089 -0.850921 1.100580
0.616230 -0.424175 0.939847
0.806054 -0.637476 1.021173
0.655914 -0.464427 0.948114
0.479466 -0.248341 0.884029
0.687023 -0.975522 1.242212
0.350162 -0.995384 1.139339
0.579408 -0.975873 1.224351
0.594768 -0.682653 1.017382
0.222557 -0.258973 0.920197
0.722565 -0.889034 1.220584
0.233113 -0.285489 0.929513
0.394609 -0.816346 1.094394
0.695311 -0.555953 0.999272
0.425503 -0.612560 1.035211
0.848779 -0.754148 1.048099
0.850467 -0.749012 1.035482
0.496797 0.036523 0.778054
0.482751 -0.172896 0.861958
0.496346 0.036885 0.778513
0.704441 -0.400697 0.942410
0.657596 -0.144979 0.855949
0.689087 -0.305903 0.897390
0.526716 -0.007440 0.732037
0.513421 0.013283 0.753666
0.670979 -0.197855 0.871989
0.583221 -0.192906 0.867448
0.304657 -1.281725 1.699012
0.413752 -0.715255 1.068510
0.580555 -0.148509 0.823313
0.517858 -0.672817 1.044943
0.728218 -0.658081 1.024192
0.371781 -0.812389 1.098116
0.319108 -0.748417 1.082448
0.362475 -0.891334 1.099303
0.789725 -0.360476 0.909219
0.749018 -0.317458 0.876187
0.789069 -0.360701 0.908107
0.746524 -0.319204 0.879199
0.787842 -0.361742 0.898366
0.786728 -0.362406 0.896021
0.596283 -0.351618 0.920917
0.678460 -0.207546 0.854861
0.679075 -0.208519 0.851700
0.747008 -0.314994 0.890360
0.264407 -0.680416 1.063581
0.626136 -1.072258 1.365906
0.673992 -0.816139 1.079529
0.673170 -0.199498 0.871072
0.828742 -0.595454 0.986495
0.474829 -0.853106 1.098289
0.748323 -0.479682 0.949725
0.300023 -0.613537 1.043413
0.853053 -0.759662 1.057774
0.257140 -0.295691 0.901333
0.851954 -0.753467 1.042487
0.728507 -0.697802 1.031373
0.253515 -1.357624 1.834494
0.337758 -0.864831 1.109919
0.431189 -0.626431 1.038462
0.250518 -0.259733 0.881098
0.370630 -0.816112 1.099580
0.856864 -0.495054 0.963008
0.582163 0.038506 0.791572
0.267884 -0.105256 0.727395
0.649299 -0.321001 0.904730
0.856824 -0.495100 0.966646
0.819013 -0.587518 0.963240
0.857864 -0.493768 0.952020
0.549615 -0.262028 1.216430
0.600660 0.001684 0.752013
0.901930 -0.653989 1.004729
0.864674 -0.563778 0.992103
0.621466 -0.012456 0.780872
0.901312 -0.653775 1.001507
0.744568 -0.318599 0.889088
0.701342 -0.549056 0.988862
0.975288 -0.833530 1.217004
0.726411 -0.876604 1.189432
0.661982 -0.149972 0.845108
0.641230 -0.216637 0.890595
0.282090 -0.274938 0.844169
0.534809 -0.474764 0.971111
0.853201 -0.451195 0.933439
0.672876 -0.198640 0.862855
0.410906 -0.678403 1.054396
0.552957 -0.363854 0.933167
0.748143 -0.482123 0.948964
0.462050 -0.103743 0.852254
-0.006607 -0.025672 0.902719
0.699286 -0.401912 0.936089
0.809007 -0.790725 1.064205
0.389605 -0.521189 1.007927
0.346534 -0.674993 1.054091
0.774317 -0.720049 1.014645
-0.016695 -0.541263 1.826255
0.766228 -0.731684 1.050150
0.368724 -0.675905 1.055473
0.061557 -0.021206 0.872030
0.394357 -0.898302 1.120184
0.943536 -0.597913 0.987406
0.820948 -0.337869 0.904498
0.790440 -0.259523 0.839602
0.943872 -0.599616 0.994785
0.820546 -0.336757 0.910587
0.788435 -0.253613 0.858265
0.787831 -0.252996 0.859209
0.674881 -0.010310 0.785483
0.748862 -0.318166 0.877605
0.656244 -0.061567 0.798477
0.859128 -0.495680 0.995715
0.649368 -0.322842 0.904241
0.860389 -0.495674 0.992436
0.654632 -0.462229 0.959112
0.654475 -0.151352 0.852366
0.582168 -0.307114 0.904580
0.480124 -0.249713 0.886257
0.561920 -0.646293 1.017776
0.960092 -0.662702 1.006171
0.852401 -0.451166 0.933133
0.659718 -0.062524 0.798450
0.531633 -0.041378 0.759865
0.644642 -0.221290 0.886122
0.807155 -0.917987 1.274492
0.631439 -0.029690 0.758023
0.697198 -0.728743 0.979777
0.519811 0.127521 0.899031
0.676139 -0.762005 1.056523
0.679924 -0.823011 1.075968
0.301213 -0.613835 1.041751
0.466908 -0.653212 1.036497
0.135015 -0.533958 1.524039
0.806727 -0.634812 1.009072
0.093597 0.001712 0.873404
0.702439 -0.179078 0.860249
0.397371 -1.150177 1.466084
0.637851 -0.026936 0.849021
0.945577 -0.600793 1.007491
0.948511 -0.846359 1.200149
0.692971 -0.946858 1.224592
0.589305 -0.354683 0.944532
0.871676 -0.409165 0.933680
0.819250 -0.332429 0.931967
0.643979 -0.219968 0.885817
0.821839 -0.335104 0.908919
0.793519 -0.270218 0.813336
0.826045 -0.342925 0.856338
0.693471 -0.131800 0.853178
0.504784 -0.005723 0.803622
0.697739 -0.142022 0.840800
0.611547 -0.052827 0.770815
0.853189 -0.451355 0.914142
0.499198 -0.843718 1.097201
0.335580 -0.735967 1.078213
0.476519 -0.061779 0.814035
0.379165 -0.699424 1.061535
0.519250 -0.673468 1.045386
0.574837 -0.462050 0.956621
0.523527 -0.776169 1.078160
0.515645 -0.715273 1.055739
0.773994 -0.733885 0.983808
0.385625 -0.543318 1.022320
0.515998 -0.762578 1.072939
0.885081 -0.450581 0.938538
0.821922 -0.322806 0.863204
0.712414 -0.376078 0.918059
0.092651 0.009431 0.873459
0.602160 -1.009110 1.313212
0.646749 -0.046592 0.818963
0.704067 -0.179124 0.853622
0.967245 -0.816213 1.182898
0.698916 -0.318510 0.862440
0.711287 -0.471887 0.950100
0.871393 -0.408924 0.925458
0.615012 -0.058399 0.763676
0.587559 0.071035 0.769123
0.605569 0.097417 0.892230
0.672922 -0.008833 0.782339
0.702693 -0.176210 0.858914
0.780643 -0.684315 0.971023
0.589173 0.067510 0.768207
0.530691 -0.777371 1.074079
0.940949 -0.702948 1.019671
0.901205 -0.652665 1.001246
0.735900 -0.815136 1.082780
0.935573 -0.690216 0.980607
0.429930 -0.742634 1.059618
0.709519 -0.402564 0.919843
0.425398 -0.613114 1.034658
0.475452 -0.756186 1.066241
0.507483 -0.733022 1.064471
0.774111 -0.700652 1.015958
0.508796 -0.702533 1.053593
0.371401 -0.685036 1.058791
0.390264 -0.714532 1.053695
0.212206 -0.259520 0.921856
0.766086 -0.536617 0.975260
0.772394 -0.304705 0.899040
0.612993 -0.246384 0.886604
0.589821 -0.139758 0.856289
0.773441 -0.308181 0.889287
0.540076 -0.279599 0.891517
0.430907 -0.740179 1.075218
0.345257 -0.654580 1.053232
0.432368 -0.735993 1.062159
0.368523 -0.715109 1.069191
0.361620 -0.693410 1.062694
0.553392 -0.640718 1.034791
0.385464 -0.839353 1.101985
0.671629 -0.703110 1.042943
0.355279 -0.004223 0.778911
0.499588 -0.054597 0.903863
0.765085 -0.540580 0.965678
0.345444 -0.916198 1.148396
0.661174 -0.428036 0.941698
0.385062 -0.840835 1.102874
0.351057 -0.825315 1.102020
0.460779 -0.826651 1.092819
0.238683 -0.288631 0.927464
0.215101 -0.242859 0.929875
0.482308 -0.684377 1.049525
0.426852 -0.874273 1.104709
0.498183 -0.634255 1.034728
0.743168 -0.318670 0.890262
0.746571 -0.319745 0.880062
0.349809 -0.551352 1.019896
0.414227 -0.636982 1.020514
0.489773 -0.000069 0.822681
0.532948 -0.457796 0.961258
0.375838 -0.695190 1.059918
0.578943 -0.459910 0.949249
0.574286 -0.660521 1.020668
0.748371 -0.483611 0.940614
0.609200 -0.243390 0.898731
0.773960 -0.729307 1.038603
0.603466 -0.237570 0.908277
0.836345 -0.733790 0.987827
0.358904 -0.770635 1.086449
0.570722 -0.463543 0.968376
0.489434 0.101837 0.805924
0.475008 -0.169921 0.859643
0.470067 -0.166902 0.868955
0.810342 -0.610459 0.921694
0.747044 -0.312427 0.905937
0.747109 -0.312743 0.904807
0.698194 -0.143459 0.828424
0.491911 0.001388 0.821505
0.639245 -0.028233 0.854578
0.278481 -0.647410 1.054309
0.548812 -0.428896 0.961551
0.482462 0.013190 0.837305
0.680001 -0.825075 1.105304
0.405813 -0.845353 1.099072
0.777636 -0.720892 1.019660
0.805359 -0.642961 1.050758
0.574614 0.025203 0.791679
0.605077 -0.044164 0.786784
0.304464 0.081809 0.825091
0.398295 -0.625479 0.972790
0.472641 -0.241064 0.888831
0.664339 -0.421275 0.930398
0.529405 -0.777651 1.077719
0.838627 -0.762318 1.061896
0.379034 -0.805017 1.088937
0.581825 -0.311027 0.913708
0.461677 -0.824079 1.086041
0.553935 -0.364830 0.924717
0.224575 -0.626332 1.046910
0.423454 -0.731085 1.057864
0.220569 -0.627980 1.052495
0.707149 -0.188232 0.842177
0.563411 -0.419151 0.975034
0.547862 -0.428425 0.960958
0.644242 -0.043787 0.829714
0.288360 0.096084 0.842493
0.434973 -0.135060 0.932976
0.500940 -0.806618 1.061487
0.381646 -0.922077 1.118802
0.718253 -0.476329 0.945644
0.574117 -0.464286 0.958250
0.516279 -0.746741 1.063399
0.608015 -0.629165 1.030605
0.415954 -0.833039 1.076218
0.279734 -0.987955 1.151234
0.300452 -0.738357 1.076253
0.310759 -0.923900 1.123209
0.378260 -0.752210 1.074470
0.336904 -0.869226 1.114254
0.208771 -0.798352 1.107225
0.548175 -0.428375 0.966478
0.260258 -0.679104 1.067414
0.346916 -0.777297 1.083990
0.486159 -0.680783 1.034790
0.420472 -0.700317 1.059192
0.341104 -0.848751 1.120684
0.362197 -0.693064 1.062508
0.466902 -0.863303 1.120359
0.394122 -0.638769 1.042682
0.425677 -0.710753 1.055602
0.388554 -0.125518 0.907452
0.295665 -0.680154 1.057258
0.484965 -0.644803 1.026174
0.384689 -0.840365 1.103214
0.528298 -0.777353 1.073674
0.075871 -0.667518 1.093069
0.072365 -0.668097 1.098246
0.218407 -0.631471 1.063611
0.086993 -0.784969 1.128517
0.116349 -0.602231 1.057676
0.067418 -0.702154 1.098965
0.068358 -0.670003 1.105984
0.397343 -0.817244 1.091936
0.105572 -0.770093 1.094949
0.388895 -0.722390 1.064653
0.536168 -0.718627 1.049193
0.098360 -0.772394 1.102655
0.101817 -0.608381 1.082375
0.569338 -0.666251 1.035776
0.513865 -0.661472 1.029944
0.432228 -0.634198 1.040068
0.433116 -0.754920 1.060445
0.546499 -0.603355 1.022551
0.326913 -0.712068 1.080941
0.357961 -0.773223 1.084622
0.510612 -0.669200 1.039977
0.399816 -0.537313 1.012797
0.439387 -0.651103 1.042754
0.129401 -0.598214 1.037420
-0.055894 -0.269866 0.988548
0.066519 -0.761600 1.128831
0.020881 -0.561528 1.068310
0.069394 -0.759196 1.122925
-0.051725 -0.270342 0.982755
0.440054 -0.502716 0.981819
0.016504 -0.877595 1.148752
0.040685 -0.560041 1.049158
-0.003936 -0.362854 1.001637
0.117611 -0.652307 1.080784
0.508170 -0.493287 0.994416
0.021340 -0.687420 1.066526
0.223953 -0.259818 0.919144
-0.007232 -0.699910 1.106165
-0.000563 -0.388270 1.010256
0.064636 -0.548771 1.049238
-0.002596 -0.363425 1.002032
0.401058 -0.153155 0.911541
0.034957 -0.862168 1.120224
0.247728 -0.256944 0.914877
0.072965 -0.699177 1.088401
0.119228 -0.649446 1.078061
-0.001446 -0.696928 1.100280
0.018398 -0.874439 1.144104
-0.021537 -0.021295 0.908004
0.419166 0.079001 0.851704
0.077503 -0.696254 1.076352
0.054118 -0.590714 1.058845
0.224260 -0.298270 0.926348
-0.002713 -0.364370 1.002345
0.268146 -0.594451 1.018253
0.329922 -0.699700 1.061957
0.420373 -0.627691 1.035758
0.332120 -0.709533 1.069628
0.404401 -0.659418 1.054810
0.421703 -0.738995 1.074502
0.575011 -0.658128 1.000516
0.310161 -0.807400 1.099839
0.050207 -0.592376 1.066498
-0.024543 -0.536043 1.062311
0.000739 -0.532160 1.028469
0.465691 -0.717888 1.053628
-0.003100 -0.336694 0.977067
-0.017301 -0.540951 1.038117
-0.044222 -0.049794 0.922005
-0.003771 -0.362014 1.002597
0.035897 -0.415970 0.999671
0.179459 -0.641574 1.064408
0.071890 -0.700640 1.094550
0.027952 -0.868570 1.132116
-0.006804 -0.539548 1.025068
-0.070809 -0.502929 1.060093
0.439535 -0.097266 0.897016
-0.082377 -0.502653 1.073284
0.228971 -0.776597 1.060859
-0.052013 -0.564521 1.099223
0.026388 -0.598443 1.067307
-0.034314 -0.782770 1.148034
-0.049193 -0.357588 1.013446
0.445717 -0.053488 0.898355
0.423290 -0.190893 0.927267
0.035405 -0.560352 1.057257
0.437039 -0.091725 0.899910
-0.040978 -0.540208 1.079383
0.408350 0.007384 0.872217
0.036260 -0.560896 1.056656
0.081291 -0.787138 1.135495
-0.000987 -0.342205 0.982398
0.418181 -0.712964 1.060666
0.217636 -0.789728 1.087397
0.389194 -0.641233 1.046354
0.358301 -0.774144 1.085290
-0.101916 -0.352100 1.076784
-0.101027 -0.350714 1.077105
0.420795 -0.627393 1.034396
0.335905 -0.750497 1.079476
0.375347 0.054008 0.817992
0.049814 -0.593671 1.066804
0.104064 -0.653177 1.043627
0.095573 -0.686807 1.055027
0.453606 -0.508976 0.934921
0.235413 -0.292312 0.923812
0.211419 -0.258806 0.922652
0.375552 0.053123 0.816963
0.387803 -0.126887 0.909401
0.415055 -0.162440 0.917922
0.252886 -0.604081 1.059237
0.113881 -0.616905 1.077000
0.368410 0.087259 0.847232
0.129721 -0.631407 1.065779
0.364327 0.092964 0.852155
0.408580 0.004964 0.872092
0.365613 0.092637 0.850946
0.296398 0.047449 0.868637
0.437320 -0.087293 0.914704
0.308252 0.019752 0.837023
-0.068229 -0.503909 1.058387
-0.021997 -0.650490 1.082383
-0.035690 -0.297859 0.985751
0.310553 0.015987 0.833322
-0.015952 -0.508477 1.041608
-0.028089 -0.640856 1.086240
-0.086695 -0.406051 1.070007
0.185539 -0.637685 1.053494
-0.072481 -0.501128 1.061486
-0.020532 -0.540813 1.042781
0.011441 -0.712077 1.096720
-0.015892 -0.649981 1.072864
-0.082320 -0.410216 1.059506
0.414758 -0.695922 1.050628
0.090069 -0.002424 0.867604
-0.008541 -0.763942 1.109531
-0.003191 -0.388018 1.012061
0.069880 -0.702171 1.098451
0.381052 -0.701258 1.060470
0.444933 -0.044094 0.909985
0.323565 -0.758413 1.082043
0.099180 -0.777964 1.110877
0.431453 0.037565 1.029611
0.251589 -0.283684 0.925515
0.374327 -0.679027 1.058715
0.205070 -0.262658 0.924239
0.345137 -0.674663 1.056013
0.356958 -0.683851 1.059221
0.004904 -0.722332 1.102696
-0.125120 -0.674293 1.111333
-0.026389 -0.653211 1.087921
0.040233 -0.416566 0.993620
0.428878 -0.209895 0.880988
0.453462 -0.163197 0.914517
0.417923 -0.179268 0.955008
0.448118 -0.143862 0.958010
0.241570 -0.615624 1.006232
-0.102719 -0.500884 1.094362
0.430285 -0.180731 0.920520
0.073467 -0.546348 1.036320
0.024127 -0.599561 1.071306
0.304664 -0.749713 1.076655
-0.082145 -0.412556 1.059688
0.318153 -0.669198 1.064991
-0.031686 -0.782313 1.145053
-0.086768 -0.255563 1.014723
0.166793 -0.157111 0.715647
0.413987 -0.709100 1.062103
0.398273 -0.643130 1.047614
0.366254 -0.709416 1.074478
0.350845 -0.662134 1.055087
0.418922 -0.161517 0.917759
0.205688 -0.297505 0.947912
0.321351 -0.680985 1.062322
0.389735 -0.654512 1.063090
0.464473 0.087791 0.864529
0.437408 -0.031076 0.882270
-0.013767 -0.334008 0.991794
0.096241 -0.009089 0.856717
0.379933 -0.711432 1.065845
0.224785 -0.268198 0.922820
0.409413 -0.686292 1.054572
0.231749 -0.276383 0.926827
0.405349 -0.660008 1.052991
0.353659 -0.722431 1.068625
0.350914 -0.663349 1.055759
0.303326 -0.696555 1.064478
0.424395 -0.172432 0.940799
-0.076421 -0.574097 1.066061
0.369658 -0.716974 1.066630
0.373631 -0.688384 1.063250
0.586599 0.091401 0.831620
0.008377 -0.485012 1.033406
0.508402 -0.219585 0.920617
0.457624 -0.256547 0.925830
-0.072841 -0.575290 1.062171
0.553662 -0.188848 0.909622
0.369474 -0.765439 1.079477
0.019528 -0.488479 1.023190
0.027106 -0.490368 1.016635
0.346017 -0.681215 1.059744
-0.027050 -0.368369 0.994220
0.001992 -0.343528 0.981089
0.029123 -0.624053 1.064056
0.566957 -0.333958 0.933944
-0.034965 -0.495208 1.037044
0.224830 -0.625359 1.048946
0.025775 -0.620735 1.063431
-0.064548 -0.575514 1.057915
0.149558 -0.616091 1.033697
0.337790 -0.787105 1.087928
0.053424 -0.594098 1.064357
-0.000452 -0.715258 1.111031
0.326934 0.147354 0.858441
0.512920 -0.273239 0.945459
-0.054892 -0.684739 1.085308
0.516837 -0.276879 0.941939
0.470025 0.014098 0.866094
0.131800 -0.647466 1.072710
-0.073699 -0.684528 1.103124
0.288917 -0.735199 1.085445
0.436966 -0.031230 0.882603
0.079369 -0.555329 1.034558
0.552831 -0.187241 0.910230
0.385361 -0.783646 1.084450
0.335919 -0.802725 1.092895
0.360251 -0.772917 1.083291
0.499848 -0.638519 1.032270
0.369044 -0.816720 1.102511
0.152166 -0.687304 1.077626
0.380009 -0.798200 1.097225
0.314928 -0.726878 1.072950
-0.023528 -0.625069 1.062779
-0.012769 -0.594355 1.065465
0.526946 -0.494587 0.998553
0.393681 -0.828599 1.101107
0.472717 0.008321 0.860909
0.633475 -0.321036 0.954792
0.172831 -0.618838 1.046504
0.433835 -0.506183 1.010450
0.371787 -0.813228 1.096898
0.538533 -0.435241 0.965697
0.634960 -0.327065 0.946376
0.430254 -0.502875 1.019237
0.527953 -0.494066 0.998638
0.008889 -0.486753 1.032435
0.431774 -0.506562 1.018688
0.316031 -0.552888 0.995092
0.336236 -0.801571 1.092522
0.406758 -0.726626 1.034214
0.373454 -0.688220 1.062549
-0.031700 -0.497096 1.032915
0.225675 -0.626238 1.048701
-0.033901 -0.495729 1.035927
0.576386 -0.027453 0.856330
0.409121 -0.000553 0.870550
-0.166258 -0.663199 1.089394
0.380684 -0.724509 1.085206
0.512261 -0.079960 0.885503
0.510778 -0.081736 0.883784
0.470937 -0.775295 1.078407
0.395465 -0.657364 1.049407
0.464166 0.033336 0.877289
0.454016 0.073176 0.854066
0.361685 -0.774396 1.079510
0.226956 -0.626776 1.047251
0.365342 -0.817999 1.108312
0.148801 -0.620806 1.036205
0.564813 -0.328811 0.943518
0.564752 -0.329869 0.937031
0.454867 0.065237 0.850315
0.562996 -0.326260 0.940644
0.248088 -0.580404 1.040487
0.147061 -0.686171 1.078874
0.260197 -0.679771 1.067817
0.610748 -0.429493 0.969832
0.324873 -0.758769 1.081763
0.677555 -0.320166 0.929407
0.608576 -0.371433 0.954306
0.356649 -0.551714 1.010246
0.393033 -0.806688 1.093003
0.175674 -0.616557 1.047552
0.518482 -0.673581 1.046606
0.453958 0.064375 0.851057
0.606621 -0.366911 0.961475
0.144041 -0.677832 1.020364
0.671207 -0.006496 0.837933
-0.026086 -0.501176 1.031096
0.410022 0.007580 0.869568
0.003606 -0.485185 1.036977
0.102165 -0.675678 1.072136
0.409086 0.012704 0.872305
0.520721 -0.691290 1.047915
-0.002250 -0.387374 1.015095
0.274470 -0.681313 1.065959
0.557421 0.089549 0.833654
0.407272 -0.176992 1.004304
0.574158 -0.026035 0.856935
0.522348 -0.285809 0.931826
0.607827 -0.372541 0.953680
0.466689 0.112650 0.820639
0.575769 0.147897 0.833573
0.656597 -0.202959 0.902867
0.705044 0.028925 0.831936
0.541360 -0.429268 0.957293
0.609288 -0.372479 0.953050
-0.021102 -0.621890 1.060703
0.583799 -0.506461 0.996574
0.556134 -0.195131 0.904531
0.582607 -0.373462 0.960313
0.510106 -0.215601 0.929945
0.356497 -0.772099 1.082900
0.628418 -0.042730 0.868692
0.298552 -0.613103 1.045148
0.583413 0.091434 0.829804
0.480292 -0.755200 1.053832
0.447210 -0.154086 0.915272
0.340006 -0.656886 1.058819
0.508765 -0.692932 1.061427
0.533926 -0.458395 0.954135
0.542262 -0.372801 0.955924
0.644464 -0.470508 0.982639
0.408535 -0.698359 1.064514
0.645634 -0.471797 0.977949
0.644878 -0.469331 0.982783
0.470549 -0.271027 0.902263
0.659057 -0.217660 0.892135
0.647240 -0.471833 0.971633
0.783657 -0.198793 0.886383
0.643754 -0.048219 0.853808
-0.057407 -0.574641 1.053287
0.541152 -0.459650 0.941089
0.361773 -0.853288 1.113347
0.586964 -0.504609 1.000960
0.585398 -0.629689 1.053034
0.966739 0.014179 0.972150
0.025650 -0.622092 1.066075
0.678083 -0.325288 0.925308
0.963945 0.002163 0.962685
0.275661 -0.564425 1.039636
0.535287 -0.454752 0.956058
0.704454 -0.074281 0.835728
0.702523 0.040251 0.838811
0.797844 -0.133773 0.898732
0.546904 -0.178339 0.916201
0.966400 0.016077 0.974886
0.729320 -0.337625 0.925630
0.796893 -0.161391 0.873401
0.023427 -0.618615 1.064465
0.531175 -0.493630 0.998088
0.636684 -0.328512 0.947625
0.237500 -0.301424 0.922903
0.544771 -0.602384 1.028057
0.702828 -0.475978 0.993925
0.357071 -0.717752 1.068389
0.473950 -0.751258 1.066980
0.464170 -0.834214 1.105618
0.497048 -0.844933 1.105537
0.835654 -0.364207 0.841766
0.772676 -0.280271 0.895551
0.518714 -0.673817 1.046192
0.656875 -0.618924 0.999137
0.149410 -0.686202 1.080200
0.772264 -0.266188 0.909304
0.698293 -0.424795 0.941992
0.535705 -0.422983 0.974128
0.164480 -0.624297 1.029195
0.772374 -0.283257 0.894039
0.651720 -0.613061 1.023738
0.837253 -0.335687 0.874746
0.629751 -0.224539 0.917638
0.645449 -0.606008 1.053882
0.626410 -0.041886 0.867232
0.539779 -0.130294 0.897959
0.838829 -0.289151 0.928342
0.809536 -0.362160 0.914513
0.260558 -0.588389 1.039479
0.558913 -0.472331 0.992071
0.602388 -0.267970 0.922594
0.398684 -0.148476 0.891134
0.677288 -0.319855 0.931060
0.605214 -0.314727 0.935723
0.547145 -0.137010 0.892609
0.772291 -0.276379 0.902502
0.626978 -0.056245 0.855823
0.682197 -0.087686 0.871731
0.445461 -0.491692 0.975464
0.729549 -0.236526 0.733339
0.729466 -0.236339 0.733763
0.729201 -0.236401 0.733579
0.381980 -0.799615 1.090153
0.548365 -0.611337 1.032622
0.725994 -0.226961 0.740514
0.458560 -0.826384 1.103495
0.703688 -0.479930 0.993670
0.368154 -0.875376 1.120366
0.656291 -0.487994 1.198552
0.654141 -0.616832 1.012458
0.681978 -0.094701 0.870104
0.653361 -0.614922 1.017101
0.683502 -0.101574 0.864151
0.652581 -0.614202 1.023176
0.497420 -0.821093 1.068847
0.757382 -0.466088 0.949674
0.439735 -0.230153 0.954385
0.544382 -0.138721 0.891572
0.599854 -0.270896 0.921629
0.609099 -0.369706 0.958192
0.554153 -0.189226 0.911243
0.658213 -0.211502 0.898885
0.627477 -0.134869 0.897344
-0.052888 -0.578226 1.048332
0.463955 -0.756815 1.075035
0.375796 -0.761724 1.078642
0.374401 -0.763798 1.081182
0.477969 -0.157483 0.913400
0.364774 -0.659201 1.053428
0.339486 -0.902286 1.129270
0.516422 -0.269237 0.951762
0.759348 -0.465871 0.957481
0.779104 -0.423570 0.958381
0.830801 -0.234684 0.877222
0.759371 -0.562371 0.967200
0.638485 -0.170926 0.871015
0.633624 -0.322649 0.952646
0.779116 -0.435785 0.939630
0.590498 0.002438 0.849723
0.307610 -0.749439 1.075089
0.759912 -0.469062 0.952760
0.738992 -0.178380 0.848973
0.634234 -0.157122 0.881442
0.373039 -0.697491 1.042998
0.823956 -0.266665 0.844471
0.694248 -0.565090 0.994531
0.759548 -0.462336 0.960555
0.752995 -0.379512 0.895030
0.699766 -0.576861 0.960498
0.657617 -0.209699 0.897499
0.678442 -0.092991 0.918987
0.545412 -0.603930 1.025263
0.669596 -0.001641 0.842194
0.590611 -0.712038 1.058808
0.489729 -0.118954 0.930880
0.597895 -0.295898 0.956601
0.467542 -0.767418 1.079878
0.214896 -0.277726 0.945656
0.703448 -0.045616 0.852698
0.585175 -0.503645 1.001210
-0.149023 -0.535988 1.040186
0.407794 -0.843218 1.092844
0.407223 -0.843032 1.094814
0.454837 0.067980 0.851369
-0.143928 -0.665012 1.071049
-0.138255 -0.666791 1.065179
0.542451 -0.613088 1.027810
0.314466 -0.735874 1.080023
0.339080 -0.794704 1.086313
-0.097713 -0.726820 1.108608
0.759147 -0.564997 0.962244
0.406763 0.008315 0.874562
0.346374 -0.898784 1.116834
0.348097 -0.871838 1.092399
0.670847 0.001615 0.843437
0.001706 -0.790417 1.107340
0.655867 -0.200744 0.903644
-0.068707 -0.669530 1.055846
0.224077 -0.627118 1.046336
0.684909 -0.113881 0.857239
0.476592 -0.142840 0.904513
0.631242 -0.063964 0.853168
0.704640 -0.488142 0.967327
0.593703 0.060638 0.816398
0.515508 -0.715656 1.063585
0.371010 -0.875257 1.115885
0.457299 0.043310 0.840781
-0.115498 -0.478989 1.039449
0.629057 -0.039158 0.870924
0.574873 -0.037596 0.849587
-0.106594 -0.482220 1.029697
0.574576 0.153541 0.835673
0.221620 -0.292834 0.925935
0.587987 -0.505972 0.997953
0.048689 -0.767525 1.105519
0.606239 -0.313588 0.935095
0.400546 -0.840039 1.100523
0.557953 0.095171 0.836592
0.350532 -0.826436 1.104110
0.020431 -0.396705 0.994474
-0.159224 -0.753171 1.108378
0.538886 -0.444704 0.953347
-0.144150 -0.755366 1.096033
0.189934 -0.863848 1.131392
0.155151 -0.622670 1.037375
0.192145 -0.862912 1.125193
-0.104253 -0.482681 1.028469
0.148910 -0.616058 1.048098
0.611475 -0.425677 0.972318
0.154743 -0.821621 1.113629
0.133357 -0.906586 1.117912
-0.215763 -0.787702 1.112567
0.145950 -0.612538 1.050264
0.157394 -0.822881 1.111371
-0.110642 -0.492439 1.029074
0.153133 -0.821930 1.112138
0.377414 -0.503404 1.009866
0.808975 -0.370202 0.907968
0.441069 -0.226700 0.920542
0.821963 -0.248961 0.863547
0.761452 -0.320494 0.918450
0.237418 -0.573968 1.038974
0.562701 -0.194357 0.911288
0.561528 -0.192079 0.913826
0.516419 -0.670629 1.047808
0.673550 0.000094 0.840580
0.448207 -0.238172 0.943740
0.319285 0.140487 0.853205
-0.114507 -0.491358 1.032505
0.641834 -0.058792 0.854882
0.640861 -0.052372 0.856329
0.563901 -0.201884 0.906381
0.808538 -0.369856 0.913048
0.694750 -0.566971 0.992488
0.642296 -0.065181 0.849368
0.564377 -0.190570 0.912009
0.642607 -0.157406 0.889445
0.439143 -0.225773 0.924222
0.438140 -0.221764 0.926955
0.272921 0.112625 0.871951
0.283291 0.092704 0.860842
0.471489 -0.122445 0.921030
0.473218 -0.124058 0.918965
-0.191348 -0.896619 1.125587
0.423379 0.171956 0.831707
-0.149361 -0.898143 1.086807
-0.170135 -0.866044 1.113831
-0.268218 -0.857599 1.125154
0.423318 0.171125 0.831077
0.583852 -0.359104 0.953980
0.700038 -0.390796 0.946823
0.561149 -0.649846 1.035550
-0.214309 -0.788479 1.113331
0.096822 -0.977867 1.183689
-0.264111 -0.859426 1.122669
0.733586 -0.335538 0.925393
0.583791 -0.358263 0.952736
0.701133 -0.385234 0.948014
0.806959 -0.378618 0.901729
0.077015 -0.920154 1.157734
0.475530 -0.140502 0.903937
0.243108 -0.957074 1.123552
-0.089657 -0.318987 0.991774
0.239877 -0.955881 1.129311
-0.228474 -0.804766 1.106470
-0.264777 -0.594938 1.030533
0.460589 -0.656732 1.036123
-0.204803 -0.816165 1.122346
0.353048 -0.649306 1.052258
-0.212744 -0.788888 1.111634
0.123627 -0.910111 1.132825
0.183869 -0.853798 1.119488
0.286521 -0.566905 1.028075
0.168827 -0.915867 1.135033
0.522202 -0.728385 1.059816
-0.087901 -0.729480 1.094370
0.633746 -0.236077 0.910689
0.567139 -0.311552 0.942638
0.598381 -0.245725 0.923244
0.811645 -0.353178 0.924782
0.311272 -0.766842 1.084657
0.280403 0.109059 0.866510
0.536367 -0.609155 1.026091
0.424533 -0.191349 0.926238
-0.243539 -0.902946 1.120821
-0.116162 -0.233927 0.980792
-0.290826 -0.561152 1.032005
0.523290 -0.469534 1.034351
0.567325 -0.314986 0.943833
-0.250664 -0.871984 1.115190
0.143791 -0.616135 1.040625
-0.259658 -0.868334 1.123054
0.423384 0.191932 0.838673
-0.089539 -0.317858 0.992781
-0.281814 -0.589628 1.042992
-0.262554 -0.866480 1.123435
0.025892 -0.918848 1.115729
-0.254310 -0.537865 1.041849
-0.244118 -0.721549 1.063683
0.100423 -1.034649 1.161639
0.096131 -1.034733 1.167517
0.288202 0.082752 0.856504
0.079752 -0.979423 1.209106
0.351125 -0.826807 1.101644
0.317711 -0.731286 1.074115
0.583017 -0.504315 1.000432
0.130248 -0.912012 1.121059
-0.255857 -0.873035 1.121836
0.598896 -0.253020 0.921845
0.599066 -0.247076 0.922152
-0.165633 -0.612088 1.064221
-0.167012 -0.611949 1.066084
0.318958 0.134197 0.851163
0.632511 -0.224379 0.915116
-0.097510 -0.726631 1.106390
0.151555 -0.624036 1.035214
0.745073 -0.434185 0.949984
-0.003732 -0.827456 1.129797
0.566374 -0.302614 0.955595
0.465901 -0.114003 0.922687
0.600324 -0.231228 0.942914
-0.235223 -0.833645 1.124235
-0.269031 -0.806164 1.104117
-0.152343 -0.906951 1.145987
-0.275285 -0.805128 1.109160
-0.261469 -0.871117 1.125714
-0.176194 -0.865602 1.119963
-0.066628 -1.017411 1.153592
-0.289500 -0.562171 1.032689
0.583806 -0.367468 0.949186
-0.275821 -0.596886 1.036534
-0.292716 -0.559470 1.033022
0.214094 -0.244904 0.961975
-0.180500 -0.891991 1.112893
-0.250712 -0.868437 1.110185
-0.222832 -0.731381 1.124872
0.392205 -0.636497 1.053133
-0.407092 -0.756988 0.963859
0.008266 -0.486463 1.035984
-0.003696 -1.089053 1.164662
-0.256570 -0.872846 1.121936
-0.318255 -0.827997 1.117109
-0.270320 -0.335293 1.007106
-0.170122 -0.428831 1.034258
-0.246394 -0.608992 1.010932
-0.302206 -0.582151 1.016780
-0.202228 -0.736139 1.105135
-0.192063 -0.892015 1.139715
0.348232 -0.681187 1.043130
-0.293075 -0.800952 1.125301
-0.279570 -0.328883 1.012694
0.661451 -0.199230 0.912536
0.397679 -0.645583 1.032733
0.567247 -0.312230 0.945976
0.304788 0.211796 0.834439
0.085264 -0.668435 1.092234
0.313648 0.151527 0.861415
-0.090455 -1.042749 1.158133
0.227734 -0.233164 0.932856
-0.272616 -0.947333 1.112031
-0.349226 -0.865906 1.100216
-0.108303 -1.043179 1.180499
-0.268765 -0.334953 1.003295
-0.296019 -0.946228 1.132478
-0.366907 -0.863263 1.115227
-0.115363 -0.720442 1.125702
0.473205 -0.127412 0.911124
-0.271761 -0.332565 1.005718
-0.107167 -0.238486 0.977448
0.475374 -0.130448 0.907651
-0.420605 -0.482448 1.057592
-0.227126 -0.835687 1.115009
-0.115706 -0.819473 1.128711
-0.158750 -0.528174 1.050366
-0.283789 -0.563040 1.023389
-0.291755 -0.561214 1.035501
0.509640 -0.080649 0.883644
0.026397 -0.862500 1.135073
0.026961 -0.623826 1.066864
0.188496 -0.591668 1.041117
0.348094 -0.680911 1.056546
0.436525 -0.504267 0.965545
-0.184514 -0.698220 1.009716
-0.033899 -0.274657 0.972709
-0.188502 -0.663129 1.069920
-0.206711 -0.789923 1.107705
-0.313025 -0.348379 1.009341
-0.207268 -0.385426 1.022289
0.428801 -0.623059 1.015996
0.019010 -0.834648 1.099954
-0.506048 -0.831052 1.041091
-0.502785 -0.593488 0.952953
0.149530 -0.621500 1.043141
0.156208 -0.822689 1.102666
-0.231959 -0.365351 1.044896
0.512780 -0.188848 0.950251
0.317716 0.337419 0.814081
-0.456428 -0.421966 1.108516
-0.171860 -0.966248 1.105265
-0.647926 -0.685792 1.011283
-0.471355 -0.837025 1.018104
0.221914 -0.269680 0.944394
-0.249107 -1.030847 1.162120
0.465324 -0.428953 1.037035
0.563684 -0.197374 0.909221
0.451618 -0.152311 0.922241
-0.181027 -0.653276 1.080273
-0.606640 -0.809905 1.151379
-0.239091 -0.833532 1.127419
-0.289288 -0.800932 1.120227
-0.187793 -0.892832 1.134398
-0.675084 -0.765195 1.132875
-0.231844 -0.734716 1.047695
-0.514450 -0.871273 1.154242
-0.406171 -0.376223 0.966569
-0.153485 -0.534417 1.044094
0.449829 -0.138357 0.932192
0.531308 -0.540215 0.934765
0.447881 -0.124239 0.942604
-0.413833 -0.421293 0.996001
-0.252948 -0.727313 1.066984
-0.464253 -0.531382 1.018428
-0.500857 -0.872535 1.143792
-0.662022 -0.625328 1.051843
-0.088187 -0.730071 1.099956
-0.162273 -0.710015 1.077635
0.031148 -0.623737 1.055098
0.144454 -0.611584 1.039898
-0.114936 -0.123647 0.945122
-0.517233 -0.507594 1.055356
-0.242584 -0.726049 1.058678
0.322434 -0.677338 1.055879
0.032722 -0.913165 1.152961
-0.477331 -0.527336 1.026122
-0.645851 -0.647008 1.044232
-0.184840 -0.973350 1.139252
0.033283 -0.763883 1.134524
0.448823 -0.164135 0.911827
-0.295020 -0.951448 1.137833
-0.105380 -0.822848 1.117615
-0.031362 -1.093850 1.203525
-0.113984 -0.119522 0.947615
0.270424 0.135608 0.886562
-0.414215 -0.899084 1.129964
-0.469608 -0.833625 1.120072
-0.276896 -0.522048 1.058167
0.051599 -0.984718 1.147357
-0.162052 -0.489220 1.034091
-0.274015 -0.523470 1.055162
-0.292132 -0.933441 1.114311
-0.360393 -0.896098 1.131233
-0.199608 -0.681393 1.071994
-0.210080 -0.789165 1.108267
-0.008340 -0.951869 1.141939
-0.343273 -0.425148 1.041569
-0.302055 -0.830325 1.097771
-0.462283 -0.792429 1.092052
-0.090100 -0.325087 0.991332
0.461416 -0.500919 0.948550
-0.293311 -0.583449 1.007291
0.265952 -0.938065 0.831479
0.198893 -0.245725 0.934901
0.455867 0.055117 0.846297
0.322358 -0.523143 1.027904
0.366543 -0.507270 1.017374
0.091269 -0.674784 1.078880
0.095028 -0.674980 1.072814
0.370191 -0.050821 0.891025
0.549800 -0.782348 0.550764
0.053154 -0.773403 1.100919
0.385457 -0.496604 1.010827
0.066176 -0.548426 1.047743
0.100060 -0.682988 1.059112
-0.312078 -0.278687 0.975326
-0.446389 -0.349080 0.994416
0.415364 -0.204157 0.883425
0.402859 0.036840 0.891889
-0.484493 -0.523714 1.033840
-0.244558 -0.357497 0.985057
-0.265677 -0.234974 0.999450
-0.326034 -0.795893 1.058527
-0.249467 -0.779965 1.157956
-0.907649 -0.455533 1.115675
-0.487972 -0.731797 1.021119
-0.757599 -0.636814 1.060402
0.009529 -0.792627 1.089472
-0.329181 -0.263993 0.990019
-0.406238 -0.445297 1.107577
0.473625 -0.023721 0.843292
0.413243 -0.187851 0.895407
0.636838 -0.223601 0.921000
0.420522 0.180238 0.833632
-0.174387 -0.332247 1.004960
0.619476 -0.241067 1.008533
-0.492149 -0.519595 1.038430
-0.336107 -0.576514 0.954850
-0.591054 -0.839977 1.127271
-0.194356 -0.555663 1.055668
-0.514296 -0.725361 1.039747
0.120888 -0.697204 1.022139
-0.757394 -0.636780 1.062095
-0.418599 -0.444397 1.080196
0.510356 -0.053516 0.902086
0.412262 -0.180582 0.900802
0.289488 0.260520 0.825945
0.227913 -0.613945 0.989935
-0.785830 -0.646403 1.101260
-0.287738 -0.947572 1.126755
-0.485515 -0.523122 1.033662
-0.266117 -0.233424 0.998040
-0.425681 -0.440306 1.087753
0.407098 -0.445647 1.063193
0.510150 -0.069420 0.891317
0.633963 -0.235060 0.910669
0.323957 0.088663 0.830877
-0.278022 -0.895169 1.155389
0.058730 -0.771846 1.091913
0.632491 -0.235776 0.907168
-0.260828 -0.237136 0.992008
-0.416105 -0.444275 1.080113
-0.537074 -0.817235 1.113392
-0.796148 -0.495271 1.052650
-0.604435 -0.808120 1.124963
-0.189389 -1.008442 1.075997
-0.351701 -0.841142 1.077688
-0.197929 -0.553959 1.059941
-0.263678 -0.342047 1.002531
-0.251003 -0.249563 0.986424
-0.085517 -1.044910 1.152005
-0.155344 -0.895392 1.093899
-0.696329 -0.507473 1.066649
-0.122496 -0.047105 0.912241
-0.322070 -0.024826 0.984581
-0.472432 -0.732448 1.007364
-0.703521 -0.644760 1.033481
0.152164 -0.688791 1.072049
-0.358306 -0.239334 1.013387
-0.313354 -0.036119 0.977248
-0.163748 0.016856 0.953062
0.612826 -0.170725 0.919671
-0.621530 -0.536974 1.019947
-0.412224 -0.447380 1.076763
-0.509312 -0.721080 1.035109
-0.675016 -0.651987 1.016481
0.299359 -0.585164 0.972451
0.382689 -0.507990 1.035623
0.466685 0.017905 0.869646
-0.396775 -0.458078 1.062521
-0.131572 -0.030166 0.922687
-0.454222 -0.736324 0.992096
0.310123 0.186620 0.819178
-0.788968 -0.624060 1.083779
0.569667 -0.299041 0.952189
-0.201236 -0.680227 1.077276
-0.144253 -0.433671 0.888470
-0.343013 -0.485588 1.018504
-0.366796 -0.696472 0.990441
-0.655992 -0.639347 1.053589
-0.381558 -0.862437 1.127122
0.042486 -0.866014 1.109130
0.253615 -0.549315 1.044538
-0.309647 -0.831262 1.107290
-0.689257 -0.436562 1.175418
-0.201373 -0.861955 1.142397
-0.193780 -0.734517 1.064867
-0.091979 -0.976772 1.137009
0.156543 -0.691427 1.068209
-0.695750 -0.669313 1.044473
0.687915 -0.174196 0.905996
-0.116981 -0.113429 0.938439
-0.554262 -0.814825 1.127022
-0.192852 -0.735113 1.063946
0.250385 0.128180 0.842631
-0.292784 -0.560724 1.035766
0.661923 -0.194724 0.915849
-0.183423 -0.737779 1.053854
0.567422 -0.282525 0.973362
-0.148542 -0.976436 1.098654
-0.425701 -0.343501 0.986129
-0.113921 -0.117622 0.933839
-0.187476 -0.735892 1.057849
-0.261671 -0.859182 1.119021
-0.123688 -0.103455 0.941094
0.633310 -0.215197 0.919948
-0.196650 -0.973240 1.156269
-0.315145 -0.808025 1.069075
0.474077 -0.457290 0.995064
0.129374 0.071416 0.879303
-0.191793 -0.860444 1.124374
0.423947 0.193473 0.839156
-0.172893 -0.973375 1.126075
-0.214805 -0.888526 1.161548
-0.208601 -0.824366 1.123617
-0.045091 -0.705746 1.085189
-0.344398 -0.270964 1.162304
-0.331470 -0.278286 1.152787
-0.018755 -0.832997 1.115622
-0.018631 -0.833373 1.115752
0.601583 -0.097785 0.883189
0.394422 -0.542338 0.943057
0.353053 0.733472 1.305213
0.599342 -0.246327 0.924786
0.243463 -0.272672 0.939124
0.383414 -0.517923 1.019440
